# t mean (error)  roughn.  (error)  size
   0 1.138000 0.011615 1.038119 0.026190 10
   1 2.676000 0.038379 1.536008 0.044481 10
   2 4.475000 0.059090 1.788603 0.062166 10
   3 6.319000 0.077521 1.926416 0.066456 10
   4 8.251000 0.097292 2.043272 0.067265 10
   5 10.113000 0.117453 2.295077 0.088485 10
   6 12.079000 0.134196 2.318246 0.102180 10
   7 14.028000 0.153110 2.410820 0.098798 10
   8 16.055000 0.173289 2.330318 0.100238 10
   9 18.063000 0.183571 2.367920 0.100295 10
   10 20.033000 0.189705 2.454979 0.104648 10
   11 22.092000 0.184789 2.312750 0.101513 10
   12 24.072000 0.201525 2.337208 0.105871 10
   13 26.113000 0.211759 2.300814 0.103531 10
   14 28.138000 0.215593 2.183623 0.106609 10
   15 30.073000 0.234774 2.216031 0.097240 10
   16 32.029000 0.247559 2.190837 0.091516 10
   17 34.012000 0.265882 2.271336 0.098997 10
   18 35.998000 0.279212 2.172775 0.088594 10
   19 37.925000 0.285722 2.194992 0.092622 10
   20 39.904000 0.291952 2.255622 0.105245 10
   21 41.921000 0.293021 2.287003 0.092339 10
   22 43.900000 0.307542 2.312014 0.102247 10
   23 45.884000 0.312590 2.224984 0.100927 10
   24 47.883000 0.322378 2.180054 0.097849 10
   25 49.794000 0.340035 2.169659 0.098953 10
   26 51.785000 0.345594 2.062886 0.085114 10
   27 53.614000 0.346104 2.106903 0.090841 10
   28 55.594000 0.360196 2.110809 0.091192 10
   29 57.511000 0.362767 2.112274 0.094698 10
   30 59.481000 0.365982 2.050416 0.101259 10
   31 61.369000 0.377337 2.083648 0.079220 10
   32 63.333000 0.382960 2.049465 0.079683 10
   33 65.217000 0.392570 2.091923 0.090496 10
   34 67.187000 0.405654 2.133310 0.088654 10
   35 69.138000 0.399272 2.073804 0.087729 10
   36 71.115000 0.408281 2.160273 0.080172 10
   37 73.109000 0.403768 2.185907 0.072829 10
   38 75.024000 0.410642 2.390025 0.083193 10
   39 76.978000 0.400562 2.420219 0.094149 10
   40 79.070000 0.398607 2.329692 0.093622 10
   41 81.123000 0.396764 2.212523 0.089208 10
   42 83.128000 0.403017 2.241322 0.093327 10
   43 85.046000 0.405456 2.214827 0.106900 10
   44 86.983000 0.417944 2.217957 0.098594 10
   45 88.950000 0.414623 2.249419 0.104751 10
   46 90.985000 0.414956 2.175760 0.094504 10
   47 92.915000 0.422638 2.186952 0.088725 10
   48 94.885000 0.430453 2.105825 0.087248 10
   49 96.860000 0.438549 2.135013 0.083721 10
   50 98.930000 0.443613 2.094347 0.083624 10
   51 100.780000 0.444709 2.187301 0.088221 10
   52 102.755000 0.449175 2.298920 0.094274 10
   53 104.739000 0.451934 2.280443 0.095889 10
   54 106.702000 0.460733 2.323927 0.097823 10
   55 108.779000 0.476668 2.167415 0.089127 10
   56 110.710000 0.479019 2.204410 0.095239 10
   57 112.602000 0.493724 2.190519 0.077631 10
   58 114.591000 0.490341 2.201426 0.083873 10
   59 116.544000 0.497055 2.169189 0.087929 10
   60 118.626000 0.509745 2.111044 0.085487 10
   61 120.569000 0.514526 2.070418 0.085497 10
   62 122.558000 0.516811 2.135797 0.079058 10
   63 124.483000 0.526843 2.327106 0.094253 10
   64 126.484000 0.528504 2.268667 0.097781 10
   65 128.580000 0.532456 1.977350 0.084703 10
   66 130.434000 0.528123 2.195186 0.087522 10
   67 132.499000 0.531845 2.113432 0.090359 10
   68 134.413000 0.533965 2.093170 0.089462 10
   69 136.407000 0.539591 2.023747 0.089846 10
   70 138.342000 0.543018 1.957870 0.087256 10
   71 140.241000 0.547464 1.998296 0.069028 10
   72 142.054000 0.545397 2.067282 0.072832 10
   73 143.959000 0.550539 2.105896 0.086123 10
   74 145.895000 0.550235 2.060005 0.078321 10
   75 147.801000 0.549092 2.210397 0.086038 10
   76 149.753000 0.555078 2.161441 0.092827 10
   77 151.707000 0.554659 2.169362 0.095450 10
   78 153.698000 0.557676 2.162842 0.086906 10
   79 155.692000 0.557865 2.053869 0.074442 10
   80 157.610000 0.562924 2.008775 0.073665 10
   81 159.537000 0.558498 1.995704 0.078087 10
   82 161.423000 0.564756 2.159567 0.091141 10
   83 163.340000 0.563340 2.178070 0.095167 10
   84 165.389000 0.560492 2.223644 0.085168 10
   85 167.361000 0.561081 2.216420 0.090776 10
   86 169.323000 0.563216 2.236594 0.099206 10
   87 171.288000 0.564222 2.137234 0.099139 10
   88 173.175000 0.563380 2.266072 0.102149 10
   89 175.175000 0.563177 2.261441 0.096640 10
   90 177.169000 0.564188 2.257249 0.089031 10
   91 179.189000 0.556313 2.194499 0.087182 10
   92 181.124000 0.564921 2.151919 0.088617 10
   93 183.022000 0.575706 2.210220 0.101411 10
   94 184.992000 0.580257 2.185361 0.090397 10
   95 186.950000 0.589257 2.146994 0.095390 10
   96 188.839000 0.587563 2.280440 0.102637 10
   97 190.845000 0.585338 2.320345 0.104616 10
   98 192.848000 0.584648 2.291484 0.104083 10
   99 194.855000 0.587246 2.286523 0.084621 10
   100 196.867000 0.583513 2.221209 0.084884 10
   101 198.839000 0.584076 2.204612 0.084051 10
   102 200.796000 0.584999 2.157415 0.086443 10
   103 202.768000 0.586379 2.206385 0.096497 10
   104 204.825000 0.585978 2.126106 0.095154 10
   105 206.729000 0.597764 2.222163 0.100337 10
   106 208.783000 0.598959 2.204829 0.093648 10
   107 210.835000 0.603628 2.134192 0.090939 10
   108 212.780000 0.594948 2.287994 0.102508 10
   109 214.763000 0.598067 2.202368 0.094371 10
   110 216.641000 0.598495 2.232051 0.089930 10
   111 218.630000 0.599153 2.293471 0.087709 10
   112 220.572000 0.597170 2.281814 0.100178 10
   113 222.556000 0.596758 2.321426 0.099391 10
   114 224.613000 0.600768 2.194712 0.099043 10
   115 226.479000 0.603525 2.270343 0.102742 10
   116 228.482000 0.598603 2.272794 0.106922 10
   117 230.469000 0.607656 2.237130 0.096659 10
   118 232.500000 0.607668 2.113823 0.096554 10
   119 234.411000 0.609777 2.226881 0.101906 10
   120 236.413000 0.615073 2.107946 0.089095 10
   121 238.299000 0.617099 2.239010 0.091901 10
   122 240.309000 0.626548 2.173248 0.087669 10
   123 242.233000 0.627303 2.084109 0.090106 10
   124 244.194000 0.624064 2.056670 0.090023 10
   125 246.123000 0.624239 2.038403 0.084268 10
   126 248.054000 0.618407 2.051108 0.089992 10
   127 249.940000 0.620788 2.068670 0.099929 10
   128 251.864000 0.622310 2.090776 0.090702 10
   129 253.794000 0.619724 2.191229 0.099510 10
   130 255.861000 0.623771 2.208128 0.099080 10
   131 257.794000 0.627654 2.249355 0.088135 10
   132 259.877000 0.628533 2.198429 0.086364 10
   133 261.756000 0.627479 2.206125 0.091905 10
   134 263.666000 0.624322 2.217313 0.094491 10
   135 265.720000 0.624524 2.101731 0.075834 10
   136 267.712000 0.632523 2.081443 0.072627 10
   137 269.675000 0.634169 2.092061 0.080264 10
   138 271.606000 0.639753 2.150355 0.084302 10
   139 273.607000 0.637258 2.142346 0.089061 10
   140 275.384000 0.637829 2.295950 0.090755 10
   141 277.459000 0.636028 2.264897 0.089213 10
   142 279.425000 0.641278 2.180757 0.083376 10
   143 281.327000 0.628281 2.211165 0.067708 10
   144 283.290000 0.622282 2.271823 0.093226 10
   145 285.334000 0.625404 2.208910 0.093058 10
   146 287.295000 0.635954 2.189032 0.094219 10
   147 289.264000 0.641713 2.131549 0.093263 10
   148 291.330000 0.629246 2.041994 0.091135 10
   149 293.206000 0.631616 2.180597 0.081128 10
   150 295.207000 0.634947 2.116184 0.079472 10
   151 297.160000 0.637568 2.162494 0.079976 10
   152 299.222000 0.630178 2.087666 0.072825 10
   153 301.112000 0.623605 2.155867 0.078124 10
   154 303.205000 0.619375 2.200412 0.086357 10
   155 305.178000 0.610111 2.326802 0.088933 10
   156 307.187000 0.615107 2.369271 0.094455 10
   157 309.357000 0.619609 2.161862 0.091688 10
   158 311.284000 0.626810 2.184411 0.096794 10
   159 313.243000 0.627971 2.258456 0.100145 10
   160 315.212000 0.632178 2.164424 0.089841 10
   161 317.219000 0.635490 2.152488 0.085805 10
   162 319.159000 0.638646 2.098567 0.091271 10
   163 321.058000 0.647073 2.036407 0.090790 10
   164 323.001000 0.657378 1.939462 0.076475 10
   165 324.939000 0.663412 2.036784 0.071309 10
   166 326.850000 0.664980 2.057215 0.079243 10
   167 328.763000 0.667864 2.222486 0.086413 10
   168 330.750000 0.676535 2.257305 0.089543 10
   169 332.721000 0.677183 2.181906 0.087235 10
   170 334.660000 0.682390 2.220406 0.095885 10
   171 336.704000 0.687491 2.167394 0.084865 10
   172 338.805000 0.694044 2.149077 0.074831 10
   173 340.730000 0.696221 2.074061 0.073696 10
   174 342.623000 0.687660 2.202072 0.083059 10
   175 344.590000 0.703583 2.178822 0.086849 10
   176 346.587000 0.699948 2.209134 0.081985 10
   177 348.576000 0.690273 2.191768 0.088828 10
   178 350.533000 0.694542 2.068182 0.089956 10
   179 352.519000 0.692283 1.995742 0.080799 10
   180 354.516000 0.690985 2.019231 0.074800 10
   181 356.464000 0.695760 2.089249 0.082367 10
   182 358.427000 0.698795 2.026651 0.085528 10
   183 360.330000 0.695135 1.989516 0.085329 10
   184 362.164000 0.698417 2.043626 0.080891 10
   185 364.117000 0.696433 2.060031 0.078546 10
   186 366.053000 0.697937 2.197188 0.089672 10
   187 368.078000 0.708734 2.113903 0.085352 10
   188 370.023000 0.712130 2.148383 0.085111 10
   189 371.999000 0.709107 2.193834 0.081995 10
   190 373.965000 0.711285 2.131953 0.095340 10
   191 375.905000 0.711496 2.212550 0.098480 10
   192 377.931000 0.714004 2.085156 0.087849 10
   193 379.790000 0.716700 2.096986 0.090020 10
   194 381.751000 0.723723 2.021248 0.083718 10
   195 383.672000 0.722293 2.149361 0.100385 10
   196 385.663000 0.723152 2.146895 0.093222 10
   197 387.556000 0.735786 2.163091 0.090968 10
   198 389.563000 0.734848 2.179495 0.087022 10
   199 391.528000 0.731321 2.168434 0.091723 10
   200 393.540000 0.732175 2.161440 0.086256 10
   201 395.514000 0.723594 2.037586 0.072950 10
   202 397.463000 0.720848 2.028200 0.079297 10
   203 399.316000 0.723727 2.168696 0.089135 10
   204 401.265000 0.732274 2.154987 0.085666 10
   205 403.198000 0.737699 2.105701 0.089613 10
   206 405.178000 0.730085 2.070195 0.085711 10
   207 407.111000 0.740060 2.139816 0.072522 10
   208 409.066000 0.736751 2.137615 0.075398 10
   209 411.094000 0.743725 2.054612 0.082276 10
   210 413.078000 0.753364 2.017904 0.066656 10
   211 415.068000 0.762449 2.046551 0.074361 10
   212 417.037000 0.771833 1.996509 0.076848 10
   213 419.002000 0.776330 1.988975 0.078739 10
   214 420.952000 0.786243 1.932367 0.076274 10
   215 422.817000 0.791084 2.068563 0.080085 10
   216 424.759000 0.788346 2.077118 0.086051 10
   217 426.726000 0.794126 2.000147 0.082107 10
   218 428.557000 0.800968 2.076726 0.072091 10
   219 430.450000 0.793758 2.081814 0.079293 10
   220 432.392000 0.786236 2.145994 0.081309 10
   221 434.389000 0.795999 2.168663 0.086152 10
   222 436.258000 0.800072 2.331990 0.099383 10
   223 438.213000 0.809525 2.377358 0.095878 10
   224 440.284000 0.820475 2.220402 0.077095 10
   225 442.312000 0.828834 2.196952 0.087871 10
   226 444.328000 0.838172 2.208524 0.096830 10
   227 446.330000 0.853332 2.227948 0.097341 10
   228 448.298000 0.856231 2.167840 0.093726 10
   229 450.214000 0.858282 2.218528 0.091350 10
   230 452.161000 0.854398 2.250412 0.094982 10
   231 454.181000 0.851711 2.420567 0.107560 10
   232 456.223000 0.863027 2.316749 0.086525 10
   233 458.218000 0.872655 2.359952 0.091344 10
   234 460.212000 0.868753 2.237674 0.085836 10
   235 462.222000 0.862732 2.213322 0.082487 10
   236 464.239000 0.854336 2.211911 0.091018 10
   237 466.279000 0.857718 2.231917 0.090087 10
   238 468.273000 0.850756 2.184632 0.095932 10
   239 470.205000 0.851533 2.102714 0.090782 10
   240 472.091000 0.857611 2.214296 0.088271 10
   241 474.105000 0.855034 2.154849 0.090527 10
   242 476.062000 0.864559 2.171799 0.091381 10
   243 478.013000 0.873745 2.165345 0.087420 10
   244 480.049000 0.885363 2.112994 0.081832 10
   245 482.000000 0.886841 2.097120 0.084799 10
   246 483.865000 0.891839 2.105906 0.072031 10
   247 485.752000 0.892411 2.198883 0.077987 10
   248 487.829000 0.883862 2.037987 0.086241 10
   249 489.760000 0.882500 2.095553 0.086647 10
   250 491.608000 0.879257 2.167515 0.082025 10
   251 493.595000 0.877586 2.098299 0.077371 10
   252 495.550000 0.880892 2.178707 0.081503 10
   253 497.551000 0.884492 2.104601 0.085147 10
   254 499.501000 0.894362 2.148101 0.076881 10
   255 501.513000 0.897365 2.136865 0.089132 10
   256 503.455000 0.910663 2.169821 0.088556 10
   257 505.419000 0.910426 2.160452 0.090070 10
   258 507.396000 0.908716 2.090832 0.087318 10
   259 509.291000 0.913238 2.076317 0.086387 10
   260 511.246000 0.920319 2.214748 0.095383 10
   261 513.292000 0.919695 2.165011 0.090973 10
   262 515.291000 0.933750 2.010736 0.074957 10
   263 517.135000 0.932032 2.114491 0.082022 10
   264 519.095000 0.924390 2.099573 0.074569 10
   265 521.010000 0.935669 2.153841 0.083168 10
   266 522.871000 0.937854 2.255825 0.098276 10
   267 524.887000 0.939750 2.174520 0.106352 10
   268 526.875000 0.937517 2.083551 0.096991 10
   269 528.900000 0.930134 1.919709 0.084621 10
   270 530.726000 0.942072 2.091188 0.084287 10
   271 532.685000 0.942552 2.192402 0.085225 10
   272 534.638000 0.940028 2.187392 0.088576 10
   273 536.542000 0.942276 2.203202 0.101290 10
   274 538.476000 0.946274 2.212014 0.094623 10
   275 540.543000 0.943526 2.185376 0.097049 10
   276 542.442000 0.936727 2.194716 0.087249 10
   277 544.451000 0.941131 2.074936 0.088941 10
   278 546.377000 0.937234 2.072492 0.083077 10
   279 548.265000 0.950488 2.180995 0.079567 10
   280 550.237000 0.952068 2.278878 0.085317 10
   281 552.257000 0.960658 2.198378 0.088799 10
   282 554.201000 0.962249 2.224305 0.093028 10
   283 556.174000 0.958769 2.112087 0.087864 10
   284 558.128000 0.960154 2.133406 0.091042 10
   285 560.031000 0.959530 2.113164 0.085128 10
   286 562.034000 0.956815 2.014665 0.082506 10
   287 563.894000 0.959543 2.007942 0.080489 10
   288 565.733000 0.968600 2.175389 0.080213 10
   289 567.721000 0.972063 2.233309 0.088525 10
   290 569.716000 0.976261 2.228914 0.094588 10
   291 571.714000 0.989731 2.194918 0.093276 10
   292 573.674000 0.991852 2.188753 0.084910 10
   293 575.649000 0.991707 2.183689 0.079684 10
   294 577.588000 0.989316 2.185209 0.090635 10
   295 579.522000 0.983348 2.164613 0.092859 10
   296 581.408000 0.990717 2.276718 0.090763 10
   297 583.464000 0.981113 2.210863 0.097912 10
   298 585.429000 0.970685 2.107068 0.093126 10
   299 587.342000 0.967403 2.163257 0.083866 10
   300 589.304000 0.969830 2.200070 0.094007 10
   301 591.311000 0.965666 2.095249 0.087711 10
   302 593.323000 0.958333 2.102815 0.089616 10
   303 595.272000 0.965266 2.104805 0.087721 10
   304 597.231000 0.966760 2.126591 0.077935 10
   305 599.106000 0.968716 2.175260 0.084712 10
   306 601.062000 0.973009 2.079778 0.076325 10
   307 602.989000 0.980065 2.084747 0.080311 10
   308 604.934000 0.980811 2.072767 0.080919 10
   309 606.858000 0.975883 1.994497 0.081363 10
   310 608.751000 0.978785 2.069869 0.081075 10
   311 610.665000 0.981293 2.041588 0.070926 10
   312 612.612000 0.981503 2.048368 0.078508 10
   313 614.419000 0.985368 2.219211 0.084471 10
   314 616.387000 0.993705 2.204864 0.090692 10
   315 618.430000 1.004228 2.080301 0.083518 10
   316 620.334000 1.011055 2.085916 0.094407 10
   317 622.278000 1.010226 2.105697 0.084665 10
   318 624.183000 1.020744 2.132333 0.086728 10
   319 626.120000 1.021289 2.123877 0.091494 10
   320 628.094000 1.023897 2.117979 0.096041 10
   321 630.126000 1.026519 2.007399 0.088086 10
   322 632.041000 1.029874 2.170620 0.100620 10
   323 633.981000 1.035715 2.283351 0.098422 10
   324 636.062000 1.030751 2.132271 0.085471 10
   325 637.919000 1.021879 2.167621 0.091039 10
   326 639.905000 1.022761 2.160858 0.092921 10
   327 641.861000 1.020328 2.220096 0.097601 10
   328 643.772000 1.019846 2.321192 0.102675 10
   329 645.862000 1.024503 2.210394 0.094824 10
   330 647.851000 1.019239 2.291301 0.080330 10
   331 649.880000 1.042298 2.359506 0.094073 10
   332 651.995000 1.045528 2.242455 0.090604 10
   333 653.976000 1.046903 2.305288 0.089129 10
   334 655.922000 1.046625 2.274768 0.094089 10
   335 657.993000 1.045285 2.161456 0.095219 10
   336 659.902000 1.034213 2.114903 0.086081 10
   337 661.899000 1.034741 2.039354 0.082360 10
   338 663.854000 1.039653 1.969674 0.077732 10
   339 665.718000 1.053296 2.079677 0.072721 10
   340 667.637000 1.054170 2.094235 0.089628 10
   341 669.577000 1.059677 2.183961 0.087606 10
   342 671.603000 1.068270 2.153517 0.077906 10
   343 673.592000 1.065311 2.156147 0.079812 10
   344 675.581000 1.065205 2.148014 0.090784 10
   345 677.511000 1.051227 2.241955 0.090606 10
   346 679.603000 1.057296 2.227573 0.105007 10
   347 681.592000 1.065807 2.256258 0.108632 10
   348 683.555000 1.067917 2.272014 0.092913 10
   349 685.549000 1.064336 2.128304 0.104911 10
   350 687.464000 1.058475 2.199656 0.089314 10
   351 689.452000 1.061712 2.208232 0.091415 10
   352 691.379000 1.074879 2.178105 0.093537 10
   353 693.324000 1.075041 2.184113 0.083185 10
   354 695.348000 1.076716 2.196026 0.079001 10
   355 697.295000 1.077381 2.159545 0.094819 10
   356 699.200000 1.082679 2.175432 0.088779 10
   357 701.279000 1.078111 2.106450 0.083362 10
   358 703.244000 1.082275 2.114618 0.079276 10
   359 705.175000 1.091247 2.130837 0.084485 10
   360 707.088000 1.095014 2.138783 0.087467 10
   361 709.038000 1.109460 2.153062 0.083226 10
   362 710.929000 1.104584 2.149685 0.093439 10
   363 712.864000 1.133590 2.186863 0.086201 10
   364 714.861000 1.134278 2.116361 0.095162 10
   365 716.774000 1.134154 2.126281 0.090773 10
   366 718.713000 1.130825 2.037587 0.079464 10
   367 720.662000 1.133332 2.068110 0.078426 10
   368 722.554000 1.140092 2.253311 0.085315 10
   369 724.452000 1.141432 2.312321 0.101054 10
   370 726.559000 1.155483 2.206019 0.087904 10
   371 728.474000 1.159893 2.353744 0.094243 10
   372 730.577000 1.160622 2.230974 0.075308 10
   373 732.529000 1.161346 2.125485 0.082988 10
   374 734.465000 1.167766 2.144331 0.086605 10
   375 736.361000 1.178132 2.272469 0.080715 10
   376 738.388000 1.180663 2.207494 0.088647 10
   377 740.377000 1.175489 2.095459 0.083373 10
   378 742.298000 1.179889 2.097819 0.084133 10
   379 744.262000 1.187038 2.057575 0.078289 10
   380 746.146000 1.187110 2.241728 0.084175 10
   381 748.064000 1.185382 2.264937 0.090345 10
   382 750.049000 1.188628 2.318766 0.090856 10
   383 752.016000 1.198358 2.329134 0.095385 10
   384 754.053000 1.191585 2.180499 0.092230 10
   385 755.883000 1.189366 2.262018 0.093093 10
   386 757.873000 1.193948 2.278938 0.079617 10
   387 759.884000 1.193985 2.223221 0.085368 10
   388 761.885000 1.197370 2.106488 0.081440 10
   389 763.889000 1.191267 2.111738 0.078795 10
   390 765.810000 1.193362 2.179171 0.075746 10
   391 767.756000 1.201533 2.200449 0.084926 10
   392 769.723000 1.203892 2.205456 0.087274 10
   393 771.660000 1.207438 2.134528 0.092299 10
   394 773.653000 1.215888 2.152538 0.090077 10
   395 775.646000 1.211975 2.079729 0.080774 10
   396 777.569000 1.208589 2.184819 0.091113 10
   397 779.563000 1.210205 2.151900 0.091133 10
   398 781.545000 1.206501 2.183114 0.096353 10
   399 783.483000 1.202759 2.166991 0.086319 10
   400 785.515000 1.201109 2.171981 0.074441 10
   401 787.431000 1.199594 2.229037 0.092610 10
   402 789.435000 1.209415 2.094144 0.093779 10
   403 791.409000 1.205225 2.017807 0.080901 10
   404 793.412000 1.217953 1.985658 0.081014 10
   405 795.365000 1.229508 2.040087 0.071389 10
   406 797.249000 1.230077 2.237714 0.080135 10
   407 799.225000 1.233770 2.253154 0.087213 10
   408 801.262000 1.224134 2.188532 0.085501 10
   409 803.180000 1.230768 2.179536 0.093475 10
   410 805.173000 1.241506 2.180011 0.091356 10
   411 807.161000 1.242419 2.224836 0.097980 10
   412 809.201000 1.255568 2.165218 0.088405 10
   413 811.097000 1.246753 2.175324 0.089706 10
   414 813.027000 1.251505 2.177290 0.086545 10
   415 815.032000 1.259077 2.082289 0.083417 10
   416 816.987000 1.256884 2.034472 0.088410 10
   417 818.866000 1.254774 2.161908 0.095397 10
   418 820.799000 1.255184 2.159559 0.091993 10
   419 822.757000 1.257803 2.129096 0.084808 10
   420 824.722000 1.273722 2.073946 0.080463 10
   421 826.638000 1.270798 2.120585 0.090694 10
   422 828.591000 1.268136 2.158951 0.089996 10
   423 830.561000 1.277969 2.019610 0.095984 10
   424 832.474000 1.284685 2.008749 0.091183 10
   425 834.463000 1.283717 1.957157 0.084879 10
   426 836.257000 1.272950 2.042134 0.088808 10
   427 838.222000 1.284590 2.060008 0.084934 10
   428 840.125000 1.288583 2.035744 0.072686 10
   429 841.983000 1.282442 2.117009 0.078738 10
   430 843.997000 1.278148 2.160040 0.079043 10
   431 846.009000 1.281171 2.121796 0.075764 10
   432 847.927000 1.287123 2.233897 0.080629 10
   433 849.932000 1.282985 2.102962 0.093309 10
   434 851.884000 1.277139 2.151947 0.084466 10
   435 853.895000 1.274187 2.120266 0.090942 10
   436 855.811000 1.282591 2.189940 0.095371 10
   437 857.732000 1.289317 2.328231 0.104056 10
   438 859.736000 1.296076 2.288112 0.100471 10
   439 861.735000 1.292126 2.209463 0.077301 10
   440 863.674000 1.294522 2.265384 0.090165 10
   441 865.712000 1.295522 2.183550 0.094276 10
   442 867.665000 1.302820 2.188279 0.088622 10
   443 869.665000 1.300534 2.226068 0.096501 10
   444 871.682000 1.306497 2.304462 0.092761 10
   445 873.759000 1.301954 2.225243 0.081016 10
   446 875.642000 1.301618 2.350336 0.082077 10
   447 877.768000 1.310264 2.247372 0.082212 10
   448 879.798000 1.312787 2.219767 0.081416 10
   449 881.722000 1.328195 2.229043 0.080023 10
   450 883.725000 1.322334 2.119728 0.071764 10
   451 885.598000 1.326850 2.103773 0.074937 10
   452 887.604000 1.325765 2.124544 0.080774 10
   453 889.638000 1.328141 2.119671 0.082388 10
   454 891.542000 1.328221 2.194176 0.083666 10
   455 893.434000 1.334634 2.295592 0.095793 10
   456 895.486000 1.336678 2.081136 0.074310 10
   457 897.395000 1.341359 2.081786 0.064500 10
   458 899.327000 1.344124 2.132225 0.080861 10
   459 901.315000 1.342163 2.239695 0.081814 10
   460 903.415000 1.330055 2.213376 0.081282 10
   461 905.439000 1.331053 2.167366 0.081911 10
   462 907.422000 1.327135 2.217130 0.086849 10
   463 909.391000 1.329741 2.144612 0.102491 10
   464 911.276000 1.330387 2.236489 0.100349 10
   465 913.236000 1.326802 2.268011 0.099114 10
   466 915.294000 1.318916 2.175132 0.096190 10
   467 917.167000 1.318401 2.230345 0.102231 10
   468 919.149000 1.317733 2.248529 0.094571 10
   469 921.184000 1.323467 2.204719 0.090476 10
   470 923.228000 1.326838 2.081572 0.085141 10
   471 925.071000 1.326173 2.201561 0.088901 10
   472 927.048000 1.325514 2.219363 0.090700 10
   473 929.041000 1.333730 2.140207 0.092661 10
   474 931.044000 1.340000 1.922799 0.073748 10
   475 932.996000 1.333263 1.890059 0.074419 10
   476 934.746000 1.324415 2.042417 0.081311 10
   477 936.673000 1.333889 2.081809 0.090306 10
   478 938.635000 1.331292 2.183436 0.096447 10
   479 940.669000 1.333198 2.102715 0.080132 10
   480 942.597000 1.332404 2.215071 0.082960 10
   481 944.547000 1.324298 2.248376 0.080523 10
   482 946.526000 1.341155 2.312270 0.091773 10
   483 948.529000 1.335143 2.266406 0.083515 10
   484 950.528000 1.329708 2.185079 0.081055 10
   485 952.473000 1.326369 2.258825 0.088124 10
   486 954.379000 1.325140 2.240902 0.095031 10
   487 956.329000 1.333701 2.255431 0.094748 10
   488 958.322000 1.327002 2.158041 0.093022 10
   489 960.299000 1.320628 2.087975 0.093758 10
   490 962.225000 1.317296 2.064564 0.088436 10
   491 964.170000 1.312206 2.024541 0.089207 10
   492 966.056000 1.310723 2.146132 0.091647 10
   493 968.008000 1.314088 2.232844 0.094624 10
   494 969.900000 1.314902 2.242375 0.105599 10
   495 971.864000 1.319177 2.112455 0.086488 10
   496 973.816000 1.324919 2.014316 0.076997 10
   497 975.791000 1.325632 1.960191 0.072915 10
   498 977.607000 1.331379 2.193049 0.081689 10
   499 979.554000 1.329473 2.285552 0.083063 10
   500 981.573000 1.322113 2.295425 0.091316 10
   501 983.606000 1.323741 2.322638 0.092951 10
   502 985.680000 1.336304 2.183330 0.089413 10
   503 987.763000 1.332487 2.016514 0.086688 10
   504 989.693000 1.336746 2.053065 0.083945 10
   505 991.522000 1.329668 2.042535 0.077970 10
   506 993.388000 1.318850 2.183184 0.089211 10
   507 995.416000 1.318381 2.206577 0.099657 10
   508 997.391000 1.330235 2.196933 0.104764 10
   509 999.371000 1.337911 2.165661 0.105151 10
   510 1001.256000 1.343175 2.131745 0.097051 10
   511 1003.258000 1.345498 2.268050 0.087001 10
   512 1005.297000 1.348224 2.233838 0.097009 10
   513 1007.291000 1.349702 2.214507 0.095793 10
   514 1009.318000 1.353601 2.201917 0.084277 10
   515 1011.339000 1.351151 2.109927 0.089720 10
   516 1013.215000 1.352450 2.164830 0.081489 10
   517 1015.112000 1.349406 2.231027 0.084406 10
   518 1017.177000 1.354721 2.059430 0.076465 10
   519 1019.106000 1.357821 2.140943 0.078815 10
   520 1021.114000 1.366349 2.202481 0.085992 10
   521 1023.108000 1.368111 2.227013 0.092202 10
   522 1024.982000 1.362388 2.259537 0.095573 10
   523 1026.913000 1.361200 2.375162 0.101916 10
   524 1028.858000 1.356392 2.449280 0.097795 10
   525 1031.041000 1.367278 2.300005 0.102192 10
   526 1033.032000 1.367931 2.239833 0.099582 10
   527 1034.945000 1.370422 2.333619 0.089257 10
   528 1036.934000 1.369188 2.293383 0.093485 10
   529 1039.000000 1.373459 2.121502 0.087075 10
   530 1040.990000 1.365555 2.134699 0.088857 10
   531 1042.884000 1.362481 2.221533 0.087397 10
   532 1044.847000 1.366028 2.241060 0.096093 10
   533 1046.852000 1.360113 2.242560 0.107887 10
   534 1048.909000 1.359904 2.119114 0.086085 10
   535 1050.773000 1.365807 2.030737 0.083000 10
   536 1052.612000 1.365698 2.143677 0.082649 10
   537 1054.542000 1.357497 2.185610 0.090247 10
   538 1056.530000 1.353780 2.141075 0.091872 10
   539 1058.521000 1.349812 2.094591 0.099442 10
   540 1060.416000 1.363041 2.182560 0.097919 10
   541 1062.359000 1.369248 2.310055 0.084240 10
   542 1064.433000 1.374244 2.208723 0.095602 10
   543 1066.413000 1.380282 2.203714 0.081498 10
   544 1068.376000 1.375150 2.208212 0.083340 10
   545 1070.346000 1.372849 2.182747 0.081725 10
   546 1072.323000 1.381097 2.151932 0.087414 10
   547 1074.319000 1.388544 2.177245 0.077427 10
   548 1076.244000 1.384546 2.105640 0.088699 10
   549 1078.174000 1.384519 2.080791 0.085724 10
   550 1080.127000 1.382657 2.237315 0.101161 10
   551 1082.141000 1.395685 2.238050 0.095475 10
   552 1084.119000 1.391506 2.209207 0.102775 10
   553 1086.104000 1.388857 2.203033 0.096213 10
   554 1088.009000 1.389955 2.256653 0.093031 10
   555 1090.123000 1.391533 2.132572 0.085625 10
   556 1092.014000 1.381108 2.090044 0.083782 10
   557 1093.936000 1.382265 2.079392 0.088815 10
   558 1095.792000 1.389185 2.253608 0.084474 10
   559 1097.900000 1.393594 2.211762 0.084680 10
   560 1099.907000 1.395459 2.296650 0.093986 10
   561 1101.923000 1.405795 2.309746 0.083990 10
   562 1103.879000 1.414355 2.207092 0.089072 10
   563 1105.821000 1.409273 2.160626 0.089758 10
   564 1107.708000 1.416447 2.307310 0.087220 10
   565 1109.784000 1.422370 2.372095 0.086455 10
   566 1111.803000 1.431776 2.274754 0.097514 10
   567 1113.781000 1.431258 2.294047 0.093800 10
   568 1115.796000 1.422916 2.307119 0.091850 10
   569 1117.861000 1.423285 2.274294 0.098221 10
   570 1119.890000 1.433899 2.288707 0.098433 10
   571 1121.930000 1.443141 2.091807 0.079044 10
   572 1123.830000 1.449221 2.161599 0.085558 10
   573 1125.778000 1.445848 2.151928 0.086153 10
   574 1127.749000 1.448310 2.078267 0.076416 10
   575 1129.677000 1.452418 2.011567 0.078244 10
   576 1131.601000 1.462009 1.995737 0.068412 10
   577 1133.499000 1.457281 1.992045 0.081690 10
   578 1135.368000 1.461317 2.008078 0.074591 10
   579 1137.168000 1.464725 2.146871 0.089009 10
   580 1139.099000 1.469278 2.179206 0.085715 10
   581 1141.020000 1.461438 2.228810 0.087375 10
   582 1143.025000 1.466379 2.239389 0.090064 10
   583 1145.068000 1.472544 2.189114 0.089159 10
   584 1147.008000 1.472948 2.213521 0.090795 10
   585 1148.878000 1.475770 2.319868 0.095843 10
   586 1150.999000 1.481393 2.252040 0.096996 10
   587 1152.876000 1.470477 2.246613 0.097924 10
   588 1154.949000 1.470815 2.233829 0.089674 10
   589 1156.898000 1.470180 2.205595 0.082471 10
   590 1158.899000 1.471575 2.078852 0.064626 10
   591 1160.814000 1.460452 2.159604 0.066857 10
   592 1162.718000 1.464830 2.178115 0.076106 10
   593 1164.726000 1.452675 2.096980 0.083077 10
   594 1166.668000 1.454971 2.056202 0.089026 10
   595 1168.647000 1.450946 1.951735 0.081515 10
   596 1170.538000 1.455077 2.016099 0.080675 10
   597 1172.437000 1.458303 1.999254 0.082074 10
   598 1174.440000 1.452242 1.801486 0.082477 10
   599 1176.266000 1.461683 1.958099 0.074661 10
   600 1178.200000 1.464316 2.037251 0.070768 10
   601 1180.103000 1.467344 2.114988 0.076839 10
   602 1182.014000 1.469701 2.145711 0.083939 10
   603 1184.029000 1.475866 2.037131 0.074968 10
   604 1185.906000 1.474224 2.067522 0.081672 10
   605 1187.977000 1.471827 2.020920 0.076487 10
   606 1189.820000 1.474999 2.058335 0.068774 10
   607 1191.759000 1.473851 2.014284 0.077078 10
   608 1193.603000 1.473109 2.144535 0.079739 10
   609 1195.590000 1.460442 2.072680 0.079111 10
   610 1197.510000 1.463597 2.004420 0.081940 10
   611 1199.439000 1.461518 2.116223 0.092687 10
   612 1201.312000 1.475991 2.235242 0.099091 10
   613 1203.341000 1.470988 2.085274 0.092416 10
   614 1205.281000 1.470443 2.190433 0.093306 10
   615 1207.234000 1.473412 2.358110 0.091955 10
   616 1209.252000 1.476563 2.293534 0.098098 10
   617 1211.296000 1.481739 2.279861 0.090968 10
   618 1213.315000 1.491458 2.162959 0.093588 10
   619 1215.277000 1.485727 2.268150 0.093776 10
   620 1217.234000 1.482225 2.238151 0.088059 10
   621 1219.265000 1.491608 2.074029 0.079041 10
   622 1221.118000 1.495698 2.078782 0.075121 10
   623 1223.021000 1.502619 2.195572 0.079351 10
   624 1225.038000 1.500464 2.174148 0.080383 10
   625 1227.024000 1.504220 2.102687 0.091060 10
   626 1228.995000 1.513952 2.147719 0.089972 10
   627 1231.022000 1.526819 2.145062 0.079003 10
   628 1232.984000 1.514807 2.189117 0.093860 10
   629 1234.952000 1.513360 2.249099 0.097211 10
   630 1236.945000 1.509513 2.290702 0.092463 10
   631 1238.945000 1.518905 2.283647 0.099120 10
   632 1241.030000 1.515353 2.239014 0.096128 10
   633 1242.945000 1.521025 2.278059 0.093870 10
   634 1244.945000 1.511036 2.174059 0.095757 10
   635 1246.879000 1.513978 2.210415 0.091429 10
   636 1248.880000 1.518318 2.158761 0.099785 10
   637 1250.881000 1.518259 2.128566 0.093209 10
   638 1252.858000 1.523963 2.149396 0.085286 10
   639 1254.863000 1.536596 2.087419 0.082093 10
   640 1256.742000 1.543671 2.135621 0.073959 10
   641 1258.745000 1.550059 2.037963 0.078187 10
   642 1260.686000 1.551095 2.090911 0.074121 10
   643 1262.591000 1.550575 2.079387 0.081019 10
   644 1264.612000 1.557108 2.105091 0.084459 10
   645 1266.614000 1.549540 2.060511 0.089505 10
   646 1268.557000 1.547808 2.127576 0.086393 10
   647 1270.535000 1.556739 2.248013 0.078826 10
   648 1272.550000 1.553468 2.091235 0.082458 10
   649 1274.441000 1.560739 2.190476 0.083830 10
   650 1276.485000 1.570339 2.183092 0.077421 10
   651 1278.435000 1.564354 2.196543 0.084429 10
   652 1280.482000 1.568010 2.133625 0.080053 10
   653 1282.370000 1.577110 2.234150 0.079479 10
   654 1284.329000 1.575566 2.251513 0.092178 10
   655 1286.385000 1.578771 2.206121 0.092142 10
   656 1288.365000 1.585895 2.228183 0.080006 10
   657 1290.313000 1.590201 2.269778 0.087259 10
   658 1292.291000 1.593598 2.255129 0.104393 10
   659 1294.346000 1.604955 2.160017 0.094095 10
   660 1296.387000 1.603522 2.167396 0.096854 10
   661 1298.389000 1.611163 2.105476 0.085273 10
   662 1300.365000 1.612188 2.105146 0.090691 10
   663 1302.300000 1.607930 2.223538 0.098138 10
   664 1304.255000 1.614840 2.238963 0.092766 10
   665 1306.202000 1.626064 2.301213 0.098032 10
   666 1308.222000 1.635789 2.222529 0.097864 10
   667 1310.214000 1.633202 2.224241 0.100672 10
   668 1312.193000 1.643132 2.260988 0.108685 10
   669 1314.200000 1.653507 2.276171 0.096852 10
   670 1316.152000 1.638259 2.285541 0.105969 10
   671 1318.178000 1.645799 2.191245 0.104922 10
   672 1320.162000 1.650505 2.145057 0.097345 10
   673 1322.086000 1.648057 2.123287 0.094669 10
   674 1324.102000 1.643283 2.094787 0.089209 10
   675 1326.068000 1.651737 2.010394 0.082039 10
   676 1327.924000 1.659800 2.136665 0.091456 10
   677 1329.904000 1.666486 2.223686 0.086434 10
   678 1331.950000 1.676715 2.146689 0.081348 10
   679 1333.865000 1.671523 2.214464 0.078884 10
   680 1335.944000 1.675264 2.107014 0.082321 10
   681 1337.870000 1.680550 2.152162 0.086035 10
   682 1339.798000 1.683024 2.118722 0.086679 10
   683 1341.672000 1.689466 2.214179 0.093453 10
   684 1343.657000 1.687510 2.175358 0.105204 10
   685 1345.645000 1.696767 2.119347 0.085544 10
   686 1347.585000 1.702737 2.106524 0.088046 10
   687 1349.640000 1.705680 2.052218 0.075732 10
   688 1351.517000 1.703018 2.106334 0.078910 10
   689 1353.482000 1.703852 2.108322 0.087995 10
   690 1355.430000 1.708923 2.112228 0.081903 10
   691 1357.312000 1.711300 2.135709 0.089281 10
   692 1359.286000 1.719192 2.125592 0.081244 10
   693 1361.205000 1.718531 2.188956 0.091771 10
   694 1363.145000 1.716909 2.260465 0.107139 10
   695 1365.101000 1.712227 2.264414 0.110587 10
   696 1367.061000 1.709169 2.336765 0.108629 10
   697 1369.094000 1.709339 2.260264 0.091905 10
   698 1371.100000 1.716098 2.168795 0.085760 10
   699 1373.091000 1.708603 2.216386 0.083686 10
   700 1375.010000 1.699672 2.259255 0.094065 10
   701 1376.986000 1.699028 2.299980 0.106605 10
   702 1378.977000 1.703080 2.238114 0.092318 10
   703 1380.928000 1.699693 2.280012 0.091869 10
   704 1382.911000 1.702609 2.215560 0.092856 10
   705 1384.944000 1.701682 2.148353 0.079199 10
   706 1386.981000 1.708953 2.101071 0.084003 10
   707 1388.897000 1.716404 2.033667 0.079411 10
   708 1390.797000 1.719007 2.186084 0.087924 10
   709 1392.780000 1.720491 2.271335 0.082489 10
   710 1394.760000 1.716229 2.234034 0.082688 10
   711 1396.718000 1.718078 2.148149 0.092478 10
   712 1398.693000 1.731644 2.139630 0.087864 10
   713 1400.651000 1.729245 2.092670 0.085719 10
   714 1402.605000 1.743449 2.197713 0.096774 10
   715 1404.610000 1.743250 2.057040 0.100171 10
   716 1406.522000 1.740800 2.075413 0.099700 10
   717 1408.481000 1.733925 2.010884 0.078692 10
   718 1410.431000 1.737642 2.091436 0.083400 10
   719 1412.381000 1.741685 2.108975 0.088130 10
   720 1414.349000 1.755279 2.136075 0.079066 10
   721 1416.311000 1.766459 2.181777 0.081324 10
   722 1418.282000 1.764590 2.188429 0.089735 10
   723 1420.205000 1.773115 2.308231 0.087465 10
   724 1422.192000 1.768754 2.308052 0.084656 10
   725 1424.136000 1.763286 2.260583 0.083652 10
   726 1426.147000 1.755353 2.185613 0.084039 10
   727 1428.109000 1.758997 2.222083 0.081801 10
   728 1430.205000 1.750525 2.133654 0.081589 10
   729 1432.134000 1.743219 2.221588 0.080287 10
   730 1434.094000 1.745852 2.208398 0.079657 10
   731 1436.130000 1.746744 2.143340 0.080321 10
   732 1438.070000 1.743654 2.139817 0.077693 10
   733 1440.019000 1.733808 2.183336 0.076194 10
   734 1441.990000 1.740996 2.209277 0.084177 10
   735 1443.929000 1.742354 2.307821 0.088641 10
   736 1445.990000 1.759237 2.289777 0.088199 10
   737 1448.046000 1.755727 2.301320 0.088804 10
   738 1450.162000 1.762045 2.254022 0.097431 10
   739 1452.112000 1.771537 2.296796 0.101620 10
   740 1454.111000 1.778782 2.198952 0.102045 10
   741 1456.048000 1.790775 2.181664 0.090540 10
   742 1458.054000 1.788129 2.180511 0.088156 10
   743 1460.024000 1.792922 2.321252 0.095610 10
   744 1462.049000 1.799697 2.286865 0.105732 10
   745 1464.043000 1.813368 2.259365 0.090586 10
   746 1466.097000 1.806701 2.135944 0.084724 10
   747 1468.065000 1.803214 2.187628 0.086257 10
   748 1470.005000 1.808139 2.201287 0.084329 10
   749 1471.936000 1.816521 2.116262 0.087631 10
   750 1473.897000 1.820577 2.206899 0.086835 10
   751 1475.780000 1.828223 2.375037 0.096148 10
   752 1477.845000 1.824584 2.263029 0.086351 10
   753 1479.867000 1.821393 2.198986 0.088201 10
   754 1481.756000 1.822494 2.247044 0.097659 10
   755 1483.789000 1.823363 2.242439 0.099054 10
   756 1485.740000 1.824304 2.203078 0.091797 10
   757 1487.734000 1.834990 2.037776 0.086985 10
   758 1489.680000 1.841872 2.129578 0.073560 10
   759 1491.622000 1.842660 2.073268 0.082042 10
   760 1493.520000 1.853998 1.965751 0.081651 10
   761 1495.364000 1.853483 2.115677 0.084621 10
   762 1497.440000 1.857406 2.052532 0.081396 10
   763 1499.354000 1.854431 2.065510 0.080017 10
   764 1501.264000 1.860356 2.215016 0.078012 10
   765 1503.222000 1.871481 2.228038 0.095391 10
   766 1505.207000 1.859782 2.281943 0.096013 10
   767 1507.201000 1.861318 2.227610 0.091478 10
   768 1509.219000 1.854925 2.152558 0.105772 10
   769 1511.110000 1.861670 2.229573 0.096881 10
   770 1513.063000 1.855805 2.195026 0.095651 10
   771 1514.935000 1.857087 2.212710 0.083751 10
   772 1516.919000 1.847983 2.230808 0.088352 10
   773 1518.963000 1.857676 2.076018 0.075669 10
   774 1520.975000 1.861496 2.164591 0.081491 10
   775 1523.015000 1.864425 2.106275 0.081048 10
   776 1524.892000 1.874315 2.107357 0.083294 10
   777 1526.842000 1.877534 2.180169 0.082601 10
   778 1528.748000 1.880696 2.239937 0.091689 10
   779 1530.843000 1.885730 2.221297 0.096313 10
   780 1532.857000 1.884222 2.094837 0.095725 10
   781 1534.779000 1.871969 2.075330 0.094104 10
   782 1536.606000 1.882776 2.157788 0.101760 10
   783 1538.602000 1.885020 2.133651 0.087993 10
   784 1540.636000 1.885519 2.160825 0.082709 10
   785 1542.687000 1.892858 2.016965 0.077248 10
   786 1544.649000 1.884169 1.986642 0.068752 10
   787 1546.528000 1.888001 2.135685 0.080770 10
   788 1548.413000 1.891221 2.235912 0.090910 10
   789 1550.353000 1.884856 2.218153 0.098396 10
   790 1552.289000 1.899617 2.127220 0.101724 10
   791 1554.200000 1.886699 2.128015 0.107954 10
   792 1556.129000 1.887285 2.191186 0.096630 10
   793 1558.054000 1.889375 2.195345 0.081752 10
   794 1559.989000 1.896194 2.226301 0.088231 10
   795 1561.935000 1.893106 2.183887 0.083493 10
   796 1563.936000 1.889617 2.145282 0.080464 10
   797 1565.837000 1.900033 2.257248 0.087325 10
   798 1567.860000 1.907493 2.183675 0.084049 10
   799 1569.822000 1.913651 2.245781 0.088356 10
   800 1571.831000 1.916534 2.165419 0.085177 10
   801 1573.800000 1.914208 2.191045 0.079907 10
   802 1575.799000 1.902742 2.169988 0.079738 10
   803 1577.804000 1.904009 2.173474 0.085506 10
   804 1579.724000 1.905462 2.180223 0.090276 10
   805 1581.716000 1.904979 2.209648 0.091743 10
   806 1583.754000 1.908836 2.098617 0.085245 10
   807 1585.659000 1.919355 2.125752 0.098241 10
   808 1587.600000 1.929009 2.092748 0.105409 10
   809 1589.459000 1.927180 2.085408 0.098225 10
   810 1591.365000 1.933076 2.228813 0.100729 10
   811 1593.315000 1.935093 2.200520 0.110527 10
   812 1595.290000 1.931367 2.277708 0.115926 10
   813 1597.321000 1.935248 2.234181 0.121312 10
   814 1599.307000 1.942073 2.114619 0.087622 10
   815 1601.196000 1.943277 2.158884 0.092465 10
   816 1603.230000 1.949638 2.037358 0.083156 10
   817 1605.175000 1.955496 2.089489 0.078992 10
   818 1607.207000 1.952999 1.989450 0.077067 10
   819 1609.080000 1.949506 1.983074 0.083619 10
   820 1610.965000 1.955088 2.062429 0.089199 10
   821 1612.874000 1.949683 2.053633 0.074792 10
   822 1614.820000 1.947404 2.037137 0.073709 10
   823 1616.830000 1.952743 2.037019 0.078891 10
   824 1618.727000 1.949104 2.134700 0.077313 10
   825 1620.695000 1.955897 2.105110 0.083534 10
   826 1622.706000 1.947172 2.095716 0.080715 10
   827 1624.626000 1.944031 2.101659 0.083644 10
   828 1626.479000 1.949115 2.167687 0.094326 10
   829 1628.497000 1.938768 2.268426 0.095184 10
   830 1630.532000 1.940367 2.314478 0.099117 10
   831 1632.526000 1.928024 2.283612 0.100409 10
   832 1634.562000 1.929355 2.250131 0.100530 10
   833 1636.521000 1.935681 2.212251 0.106280 10
   834 1638.560000 1.936727 2.198816 0.096777 10
   835 1640.498000 1.943446 2.256537 0.098208 10
   836 1642.526000 1.937687 2.356931 0.097539 10
   837 1644.526000 1.933290 2.331178 0.093388 10
   838 1646.592000 1.935381 2.336422 0.093340 10
   839 1648.744000 1.936478 2.115598 0.089332 10
   840 1650.730000 1.940851 2.053011 0.081448 10
   841 1652.606000 1.945671 2.094748 0.090622 10
   842 1654.557000 1.950718 2.126616 0.084770 10
   843 1656.582000 1.962439 2.160848 0.077612 10
   844 1658.555000 1.966662 2.171247 0.073758 10
   845 1660.423000 1.967977 2.159873 0.076966 10
   846 1662.429000 1.963805 2.071323 0.074814 10
   847 1664.385000 1.964443 2.005757 0.075828 10
   848 1666.267000 1.967508 1.983560 0.078469 10
   849 1668.063000 1.965183 2.129257 0.091285 10
   850 1669.926000 1.960385 2.152909 0.085964 10
   851 1671.936000 1.961356 2.139819 0.090909 10
   852 1673.945000 1.965466 2.057005 0.082391 10
   853 1675.932000 1.959311 2.100744 0.082589 10
   854 1677.919000 1.952501 2.132838 0.077166 10
   855 1679.879000 1.959793 2.109177 0.085957 10
   856 1681.780000 1.957899 2.091820 0.096948 10
   857 1683.660000 1.954776 2.197118 0.094563 10
   858 1685.673000 1.945248 2.152185 0.099747 10
   859 1687.496000 1.945800 2.303219 0.102572 10
   860 1689.517000 1.950889 2.291166 0.107179 10
   861 1691.465000 1.955624 2.277134 0.104329 10
   862 1693.505000 1.957810 2.055502 0.084555 10
   863 1695.416000 1.959696 2.165490 0.083560 10
   864 1697.387000 1.971486 2.120985 0.084550 10
   865 1699.397000 1.982076 2.086417 0.087983 10
   866 1701.314000 1.985423 2.126064 0.088913 10
   867 1703.329000 1.979119 2.122897 0.081873 10
   868 1705.266000 1.977519 2.143097 0.085796 10
   869 1707.297000 1.971288 2.071628 0.079738 10
   870 1709.280000 1.982423 2.008139 0.075276 10
   871 1711.200000 1.979040 2.159297 0.082880 10
   872 1713.148000 1.984208 2.330905 0.088995 10
   873 1715.155000 1.980354 2.275379 0.089958 10
   874 1717.112000 1.987949 2.276809 0.095428 10
   875 1719.135000 1.985274 2.147236 0.092008 10
   876 1721.064000 1.987904 2.242800 0.079229 10
   877 1723.057000 1.985760 2.301457 0.094932 10
   878 1724.989000 1.980225 2.476692 0.099843 10
   879 1726.947000 1.982784 2.408012 0.112447 10
   880 1728.979000 1.975218 2.236373 0.114510 10
   881 1730.944000 1.968464 2.132034 0.098012 10
   882 1732.946000 1.973777 2.094058 0.099093 10
   883 1734.885000 1.958199 2.087171 0.090544 10
   884 1736.799000 1.952571 2.115148 0.083729 10
   885 1738.711000 1.949207 2.203866 0.086051 10
   886 1740.681000 1.953831 2.232777 0.096808 10
   887 1742.661000 1.958342 2.221089 0.092095 10
   888 1744.677000 1.961517 2.151343 0.082095 10
   889 1746.572000 1.970208 2.308636 0.096337 10
   890 1748.611000 1.984648 2.348335 0.094239 10
   891 1750.632000 1.995111 2.315969 0.106860 10
   892 1752.691000 1.995392 2.177844 0.085475 10
   893 1754.707000 1.999885 2.025724 0.074206 10
   894 1756.572000 2.000645 1.976128 0.074286 10
   895 1758.437000 1.992612 1.980676 0.075010 10
   896 1760.323000 1.999496 2.052243 0.083991 10
   897 1762.212000 2.005672 2.095605 0.079521 10
   898 1764.204000 2.000744 2.125415 0.074563 10
   899 1766.098000 1.999505 2.277341 0.075205 10
   900 1768.173000 1.993153 2.151557 0.087311 10
   901 1770.240000 1.987528 2.176115 0.089008 10
   902 1772.184000 1.986913 2.153722 0.095509 10
   903 1774.143000 1.982172 2.120033 0.087187 10
   904 1776.084000 1.986785 2.126796 0.090973 10
   905 1777.973000 1.985951 2.234187 0.093555 10
   906 1780.022000 1.992619 2.171327 0.084467 10
   907 1781.993000 1.992733 2.333270 0.085820 10
   908 1783.995000 1.996472 2.252126 0.093465 10
   909 1785.990000 2.009672 2.249649 0.101079 10
   910 1787.987000 2.010207 2.094174 0.110414 10
   911 1789.872000 2.007112 2.057860 0.090878 10
   912 1791.863000 2.011917 2.002055 0.077504 10
   913 1793.745000 2.007111 2.085142 0.082943 10
   914 1795.628000 2.002653 2.259509 0.087330 10
   915 1797.639000 2.008713 2.210857 0.091398 10
   916 1799.669000 2.001168 2.161472 0.091494 10
   917 1801.618000 1.999579 2.107817 0.095659 10
   918 1803.596000 2.003602 2.152623 0.096159 10
   919 1805.601000 1.996839 2.111999 0.087280 10
   920 1807.539000 2.000514 2.093252 0.079213 10
   921 1809.442000 2.009117 2.095747 0.079509 10
   922 1811.382000 2.016939 2.122954 0.081331 10
   923 1813.339000 2.026411 2.151103 0.080582 10
   924 1815.319000 2.024806 2.051578 0.083734 10
   925 1817.259000 2.021891 2.059731 0.080592 10
   926 1819.145000 2.027577 2.170806 0.084309 10
   927 1821.073000 2.028114 2.202464 0.089299 10
   928 1823.074000 2.040022 2.216411 0.092164 10
   929 1825.099000 2.039817 2.138767 0.092571 10
   930 1827.065000 2.043936 2.085779 0.091034 10
   931 1828.900000 2.052858 2.280563 0.093993 10
   932 1830.950000 2.057561 2.244620 0.093034 10
   933 1833.013000 2.046909 2.276879 0.099632 10
   934 1834.999000 2.044133 2.312451 0.096309 10
   935 1837.006000 2.046515 2.258087 0.087331 10
   936 1839.012000 2.051944 2.191076 0.086468 10
   937 1841.008000 2.051130 2.139807 0.097599 10
   938 1843.032000 2.056963 2.021523 0.090445 10
   939 1844.932000 2.064533 2.111220 0.092701 10
   940 1846.877000 2.070218 2.116130 0.090871 10
   941 1848.832000 2.069058 2.297626 0.100590 10
   942 1850.806000 2.080296 2.398596 0.106635 10
   943 1852.845000 2.090139 2.241050 0.102651 10
   944 1854.841000 2.091632 2.314774 0.108158 10
   945 1856.820000 2.094248 2.305453 0.108753 10
   946 1858.793000 2.086638 2.255207 0.095152 10
   947 1860.774000 2.099481 2.243168 0.093787 10
   948 1862.704000 2.087336 2.222937 0.101143 10
   949 1864.699000 2.085428 2.320731 0.100930 10
   950 1866.715000 2.091552 2.348760 0.100334 10
   951 1868.774000 2.094260 2.299045 0.093029 10
   952 1870.708000 2.100190 2.431177 0.107543 10
   953 1872.750000 2.090932 2.421017 0.103215 10
   954 1874.897000 2.086874 2.308356 0.090151 10
   955 1876.921000 2.090218 2.168129 0.091669 10
   956 1878.983000 2.082754 2.047882 0.081679 10
   957 1880.831000 2.080726 2.103003 0.091744 10
   958 1882.674000 2.080999 2.278145 0.096748 10
   959 1884.700000 2.080317 2.140497 0.090580 10
   960 1886.656000 2.089719 2.040928 0.090376 10
   961 1888.580000 2.086297 2.135002 0.088110 10
   962 1890.477000 2.081043 2.205094 0.092750 10
   963 1892.422000 2.087550 2.285079 0.093723 10
   964 1894.471000 2.094812 2.223725 0.074573 10
   965 1896.379000 2.088994 2.284417 0.084980 10
   966 1898.364000 2.087351 2.358603 0.100604 10
   967 1900.454000 2.095941 2.234853 0.085707 10
   968 1902.438000 2.096825 2.204732 0.076710 10
   969 1904.336000 2.099968 2.219643 0.090430 10
   970 1906.258000 2.101995 2.235691 0.085345 10
   971 1908.271000 2.107280 2.206230 0.082868 10
   972 1910.317000 2.098885 2.097270 0.085361 10
   973 1912.251000 2.101822 2.171694 0.093087 10
   974 1914.247000 2.112704 2.123004 0.082422 10
   975 1916.124000 2.108924 2.154599 0.086088 10
   976 1918.175000 2.115041 2.150264 0.083271 10
   977 1920.068000 2.115539 2.216096 0.088610 10
   978 1921.962000 2.118509 2.334240 0.093966 10
   979 1923.919000 2.129958 2.213133 0.088486 10
   980 1925.915000 2.135468 2.178673 0.086869 10
   981 1927.876000 2.133548 2.196025 0.086764 10
   982 1929.877000 2.129985 2.241883 0.093898 10
   983 1931.901000 2.118282 2.100056 0.096088 10
   984 1933.782000 2.123386 2.126131 0.102502 10
   985 1935.714000 2.123981 2.063331 0.091820 10
   986 1937.640000 2.123646 2.070564 0.077314 10
   987 1939.544000 2.120360 2.259792 0.095163 10
   988 1941.545000 2.116378 2.304097 0.101933 10
   989 1943.584000 2.114995 2.275254 0.107263 10
   990 1945.625000 2.120497 2.158826 0.094803 10
   991 1947.533000 2.125764 2.158801 0.085875 10
   992 1949.527000 2.121515 2.129915 0.086758 10
   993 1951.362000 2.120731 2.326377 0.099522 10
   994 1953.400000 2.127061 2.199695 0.083057 10
   995 1955.319000 2.132363 2.139062 0.085358 10
   996 1957.314000 2.126741 2.097816 0.077131 10
   997 1959.259000 2.140186 2.181136 0.077404 10
   998 1961.145000 2.149007 2.281432 0.084934 10
   999 1963.182000 2.151721 2.192327 0.092992 10
