0.000000 0.000000
0.261192 0.390898
0.517010 1.316828
0.035308 -0.403361
0.345447 -0.827980
-0.635693 -0.279469
-0.960909 -3.069289
0.400165 1.610187
0.202392 1.897359
0.727966 0.500519
-0.402470 -2.405632
-0.217714 -2.456149
1.688913 2.377070
-0.895167 -2.778598
-0.366557 -0.207184
1.960259 4.091530
-2.068695 -1.613329
0.461157 0.451563
0.138531 -0.006008
-1.367518 -2.001362
0.065412 1.735766
0.998621 1.979056
-1.374506 -1.192714
0.013235 -0.629207
1.092609 0.612122
1.152101 0.107118
1.481603 0.072757
0.534699 -0.562589
-1.088524 -1.705076
-0.535470 -0.237670
-1.975389 -1.735654
-0.068207 0.253308
0.444965 1.229688
0.357143 1.066179
-1.395791 -0.841549
-0.470478 -1.483731
-0.619699 -1.645216
-1.182433 -0.048205
-0.288923 0.992431
0.561796 -0.142409
0.403395 0.879520
-1.814328 -1.080486
-1.408517 0.644106
-0.503548 -0.717006
0.013392 0.534383
0.029699 0.040825
0.940335 0.000483
0.051169 -0.176173
0.622820 -1.017157
-0.656332 -0.158021
-1.210656 -1.375850
-0.769635 -0.605282
1.061830 1.429126
-1.078802 -1.225844
-2.599187 -2.487400
-0.821581 -0.060045
-0.441724 -0.137239
-0.069381 0.108643
-1.416430 -0.956484
-0.355648 -0.783030
-2.160214 -1.826209
-0.327438 0.569446
0.702158 -1.254759
0.271460 -0.259802
0.222203 1.343772
-1.321380 -0.962022
-0.099786 -0.726718
1.995850 1.223139
1.546753 -0.276398
-1.220420 0.740137
-0.185838 -1.074428
-0.281895 1.248588
-1.709484 -1.688632
-0.346622 -0.081341
0.076767 0.691575
0.998284 0.698914
0.476523 -0.373949
0.371593 -0.028356
0.111134 0.948016
0.170690 0.889432
-0.112482 -0.810327
-0.786043 0.078047
0.624668 2.231755
-0.149460 -0.632033
0.245202 -0.636116
-0.679091 -1.824905
-0.345610 -0.185804
-0.519828 -1.392750
-0.407989 0.099806
0.601010 0.764601
0.416973 0.685598
-2.849128 -4.155638
-1.424339 -2.569641
-0.891132 -0.960966
-1.832156 -2.166636
1.135843 0.210831
0.698879 -0.482923
-1.816142 -1.540583
0.222167 0.991523
-0.119869 -1.470212
1.279659 1.873071
0.237634 -0.534621
-1.433800 -1.498420
-0.698067 -1.459905
-1.099638 -0.252891
0.591362 0.366086
0.012528 0.229444
-0.142806 2.312813
-0.412039 -0.949532
-0.856377 -3.036636
0.469587 -0.697727
1.024170 0.642268
0.654169 0.796947
0.309676 0.390098
-0.666789 0.457787
-0.854194 -1.441327
-0.485907 -1.287828
0.210557 1.185568
0.446330 1.134211
-0.486496 0.482359
-1.392301 -3.165806
0.183489 2.162124
-1.262413 -0.409472
0.192937 0.683333
0.102493 -0.023253
0.189288 2.184074
-1.483960 0.236364
-1.217853 -2.046502
0.219797 0.552230
-0.013462 -0.093046
-1.454528 -2.456189
-1.198891 -0.822724
1.610476 1.576929
0.586452 1.081908
0.232304 -0.892535
-0.012209 -0.473208
0.124743 2.098031
-0.412779 1.397397
-0.084839 0.094339
0.085291 0.436063
0.640577 0.532236
-0.878530 -1.522048
0.046149 -0.524424
-0.309546 -1.724421
0.579921 -0.159199
-1.579895 -1.833161
0.530700 1.201021
-2.194893 -2.320337
-0.601661 -1.031079
0.156992 1.102713
0.505256 2.383842
0.152320 -0.151511
-0.012171 -1.155271
-1.754925 -3.945280
-2.208114 -2.202336
-0.285345 1.270546
0.242522 0.220690
0.093332 0.261408
0.381545 0.817892
-0.635957 0.920045
-0.288624 -0.727341
-0.298385 -0.713569
0.368904 0.354930
-0.328613 0.648937
0.099553 1.028229
-2.685506 -2.476553
1.117274 -0.529644
0.460594 2.419100
0.316807 -0.289189
-1.138584 -3.799335
0.259912 -1.024504
-1.114341 -1.036353
0.421337 -0.314726
0.345116 0.642334
1.402306 2.057367
-2.099301 -2.352735
0.657875 1.193688
0.662244 -1.080486
-0.187169 1.135220
-0.708738 0.237184
1.602382 1.488602
1.098739 1.016033
0.269915 2.797657
-1.372319 0.566299
-0.060059 -0.509935
-0.403723 -0.285324
1.141265 2.802970
0.077735 2.136622
0.114924 -0.546978
-0.579520 0.736194
-0.196145 -0.606941
-1.002754 -1.644114
-2.105366 -2.294310
-1.423861 -0.866947
-0.738914 -0.676016
-0.450100 -2.101078
0.586880 -0.396720
-0.065270 -0.450716
-1.190326 -1.178374
0.031213 0.560423
1.009100 2.376338
1.378749 3.574285
-0.301100 0.093558
1.621533 1.946403
1.324872 1.401601
1.262049 -0.388258
-0.150593 0.155423
-0.796339 -0.041132
0.050132 -0.671543
-1.038839 -0.254877
-0.336190 0.280016
0.152788 -0.082669
0.204139 0.466761
-0.543593 -1.645238
0.130329 0.605940
-1.164137 -1.350398
0.961221 0.298347
0.198768 0.020162
-0.068853 -2.291385
-0.919403 0.844782
0.170361 0.126663
-0.723357 -0.878081
-0.456009 -0.376783
0.311861 -0.369258
-0.121892 -1.454616
-1.683808 -1.987637
-1.800959 -1.908377
-1.080164 -0.585784
-0.160394 -0.470973
-0.628668 -2.516027
1.320296 2.656322
0.015545 1.589300
0.245689 0.180390
1.418284 0.955124
1.055247 0.899676
0.385025 0.727367
0.237067 -0.169793
1.849923 1.732110
0.049350 0.613865
0.564458 0.138342
0.804955 -0.685826
-0.254310 -1.756461
0.702302 1.256708
-0.969586 -1.002098
-1.607575 -1.790640
-0.215477 -0.794537
-1.105822 -0.061413
1.058634 0.341722
-0.290940 0.913050
-2.265140 -2.226495
1.306130 0.520715
-0.913082 -1.160359
0.885385 -0.293087
0.090937 -0.048359
1.456752 1.739905
-0.290415 -0.609291
0.192660 0.232884
0.481908 0.003111
0.972195 0.696699
-1.176449 -0.857375
-0.995553 -1.140059
-1.140049 -2.184174
-0.509641 -0.563117
0.106804 0.705249
0.613807 0.947248
-0.109312 -0.710070
-0.504112 0.200447
0.516695 1.468530
-0.119380 -0.648918
-1.201388 -0.416674
2.229679 0.806563
-0.931565 -1.152935
0.215843 0.432303
-0.167759 0.586856
-1.762816 -2.488447
-1.424759 -0.873329
-0.608726 -1.665462
0.375101 -1.095550
1.665865 1.388231
0.351613 1.150787
0.097028 -0.461431
-0.251696 0.444312
0.893810 0.832244
-0.436588 -0.006121
0.269247 -1.709381
-0.691875 -0.592198
0.449238 0.571404
0.626554 0.990889
-0.739192 -0.475717
0.478627 0.453780
2.008496 2.454796
-1.051364 -2.091724
1.460887 0.455251
1.410951 1.406395
-0.253525 -0.158641
0.384661 -0.559113
-1.641507 -1.281715
-1.118015 -1.361292
0.174390 1.149406
-0.606820 0.237334
-1.188650 -0.494075
-1.045414 -2.365746
1.110199 -0.539152
-0.374204 -1.008727
0.028257 -0.442495
-1.851349 -2.400254
-0.440354 -0.605193
0.115028 -0.117525
1.603294 1.347993
0.832332 0.478226
-0.439094 -0.986814
0.564825 1.753738
0.968017 1.574859
-0.695327 -1.153296
1.862290 4.679345
0.045780 0.368142
0.901826 3.048633
-0.545021 -2.026458
-0.076085 0.951909
-1.055852 -1.400649
-0.332787 -1.820480
-0.344285 -1.608257
0.977834 0.039103
2.134931 2.194509
-0.440220 -1.372742
-0.719991 -0.311616
0.787458 0.728272
0.469491 1.536884
0.478952 0.530301
-1.327878 -1.726575
-0.731216 -0.477308
0.294650 -0.138411
1.542692 2.504586
-1.008287 -1.400521
-0.064741 -0.298976
-0.616755 0.402265
-0.810863 -0.105246
-1.635482 -2.588905
-1.037249 0.705805
0.313625 0.792609
1.099854 2.118198
1.949680 1.098609
-0.187310 -0.520927
-0.650046 -0.892027
-0.805788 -0.515696
-2.052615 -2.131978
-0.971852 -0.090051
-1.538502 -2.708010
-0.318254 -0.641349
-0.765987 0.868789
0.652054 1.519227
-1.926921 -0.511428
-0.453048 -0.158475
-0.494400 -1.927732
2.300760 0.656120
1.620369 2.037523
-0.830543 -0.192054
0.207946 0.201530
-0.885439 -1.743435
-1.239989 -2.438167
1.148167 2.491893
-2.066438 -1.759840
0.250551 -1.706603
1.681816 1.299172
0.786528 1.053393
0.123293 -0.707132
0.488838 -0.228608
0.675535 -0.477362
0.584154 2.507227
-0.298402 -0.274836
0.065039 -1.001549
-0.319413 0.873119
-0.249823 0.825834
0.226411 -0.733538
0.236679 0.101530
-0.673845 1.223461
1.555025 1.646504
-0.507444 -0.077286
1.348650 2.097084
1.810887 2.572014
-0.174983 0.135061
0.803427 1.115935
-0.007481 0.819289
-0.614195 -0.173900
0.277061 -0.741983
-0.003191 -1.577718
0.711964 0.255668
-0.118663 -0.055374
-0.667612 0.016151
-0.504194 -1.124979
1.666456 2.003955
0.468965 0.008056
1.392583 1.826761
0.405138 -0.572861
-0.252350 -0.015205
1.389915 0.878084
-0.211139 0.223263
1.269128 -0.731134
-0.657744 -0.875521
0.788016 0.569877
-0.419421 -1.772160
-1.330196 -1.352731
-0.101382 0.262764
0.794116 2.196832
1.639206 3.703814
0.160411 -0.244928
-0.948938 -1.185886
2.278575 1.681576
2.124065 3.211560
0.155679 -0.027732
-2.350369 -2.886775
0.951966 0.376425
-0.960820 -2.565105
-2.012606 -2.616140
-1.429533 0.302472
1.100700 0.214910
-0.361240 -0.263166
0.374490 -0.976797
1.604300 1.160992
-0.241480 -1.616912
-1.693527 -2.268560
0.705328 0.919447
-0.457087 -1.688584
-0.191198 1.949803
0.621593 -0.253765
0.020091 -0.124297
0.382778 1.579506
-1.126220 -1.270886
0.571820 0.114105
1.155526 3.436024
0.508372 0.771924
1.412656 1.941452
0.829104 2.270460
2.426745 1.318821
-0.157462 -1.717526
-1.068418 0.779655
-0.532899 -0.712894
-1.879158 -1.905418
-2.753663 -1.237003
-1.508040 -2.370297
1.479130 1.491697
-0.271326 -0.746205
0.872598 1.312099
-2.231787 -5.352695
-0.085574 1.593151
0.812135 1.934375
-0.318984 -0.025728
-0.484477 -1.664926
-0.247976 -0.918631
-0.931121 -2.518218
1.571587 1.134250
0.368743 -1.839279
0.505794 0.801530
-1.438351 -0.675253
0.773532 3.372143
-0.398164 -0.452875
-0.580020 0.520526
0.384651 0.414888
2.132294 1.296813
-0.002791 1.612991
0.076232 -0.687579
-0.037884 -0.557746
-2.863597 -0.704249
0.409035 -0.351161
1.188935 0.556368
0.208064 -0.878350
-0.646946 -2.554652
0.482998 1.818866
1.092698 1.363461
0.595273 1.529830
-1.212328 -0.155425
-0.621720 -0.565755
0.661237 0.166763
0.087098 2.648449
0.755899 0.683594
1.103753 2.827475
1.928056 0.992437
-1.783322 -2.090207
1.140236 1.062015
-0.027393 -1.170888
-1.929279 -3.532920
-0.241560 -0.528885
1.035317 1.277008
0.077302 -0.103722
-0.983638 -2.919476
0.927568 0.873625
-0.523613 0.141279
-0.233174 -0.072516
-0.337122 -0.391492
0.160941 0.264547
0.341651 0.045480
-1.125601 -1.734657
-0.097120 -0.963744
-1.789246 -1.315974
-0.249802 -2.159305
0.727696 -0.330440
-0.857726 0.636852
0.845555 2.062499
1.131725 -0.376734
0.187243 0.218229
1.593673 1.713314
0.067018 1.501224
1.526683 3.734663
-0.099507 -0.440467
1.367302 1.942643
1.087072 1.597807
1.338756 4.664607
-1.425178 -3.399531
-0.560305 0.571131
0.376949 0.183560
0.437702 0.456087
-1.787391 -2.762446
1.499689 1.637795
-0.665286 -2.333449
-0.783130 -1.840836
-0.681404 0.348227
-0.938057 -2.860630
0.255347 2.116692
1.080414 0.848167
1.268850 1.554885
0.385882 0.501966
-0.779344 -2.293477
-1.855603 -1.249413
-0.831502 -2.137632
0.707984 0.199403
-1.430371 -0.594393
0.041548 -0.114603
0.516003 -0.183370
-0.622896 -0.839842
-0.885432 -0.287076
0.288787 0.077540
-0.344714 -2.552832
-0.395917 -3.460878
-1.991273 -1.877694
1.158871 1.405337
0.159518 1.274629
0.035242 0.101020
-0.076702 -1.352469
-0.605316 -1.597383
-0.348938 0.066013
-0.184648 0.139179
0.147444 1.756646
-2.011079 -2.682037
-1.041350 -0.460566
2.055289 2.486720
-1.243070 -1.425661
-1.121456 -0.577181
0.205558 -0.933486
0.198050 0.111541
0.961920 -0.266267
-0.890739 -0.608208
1.206564 1.282886
0.508175 0.975056
-1.234020 -1.223955
-1.624093 -1.242638
1.431302 0.687911
0.913071 0.795751
0.219835 -1.855541
0.392862 -0.433781
0.524279 -1.380385
1.065652 1.240468
2.208511 2.711924
-0.769774 1.199426
-0.557295 0.602178
2.307279 2.552695
0.387823 -1.069625
-0.921486 -0.057622
1.671659 1.325009
0.032597 0.152750
0.089630 -0.140408
-0.939846 -1.684455
0.852586 0.835644
0.146168 2.563411
0.225464 -0.446396
1.404529 0.649286
1.929830 3.918027
-0.567076 -0.516634
-0.849506 0.398730
0.427037 -0.852785
0.555634 -0.510737
-0.266547 0.016052
-0.570928 -0.882622
0.783347 1.937303
0.059489 1.469793
-0.802231 -0.253697
1.834807 2.842204
0.110869 0.842059
-1.048978 -0.273994
-0.336276 0.583154
-1.371879 -0.685440
-0.801916 0.515078
-0.208894 -0.388792
-0.116071 -1.045592
-1.365218 0.896184
0.360272 -0.667118
0.113397 1.027965
-0.076372 -0.851172
0.200596 -0.522239
0.153359 -0.351435
-0.479024 -0.452464
0.490087 1.208722
-1.063968 0.073852
-0.794544 0.083127
0.869098 0.426633
-0.360836 -0.754292
0.433407 0.342339
0.080004 1.099231
0.738358 -0.136850
0.837608 0.901126
-0.760656 -0.079538
-0.662117 0.328592
-0.608781 -1.149234
-1.055020 0.708144
-0.764527 -1.204061
-1.165448 -0.594682
-1.304739 -1.930860
-1.733197 -2.504701
0.132208 0.384942
-0.014971 0.031411
0.136780 -0.613042
-0.504271 -1.014196
-1.237542 -1.190712
-0.889278 -2.259249
0.339726 -1.087972
0.866455 2.781163
0.389763 -1.108769
-1.556845 -2.535458
-0.174519 1.894404
1.209352 1.175200
-0.057073 0.319758
1.226817 1.966147
-0.584111 -0.556468
-0.495692 -0.262086
-0.369669 -0.069517
0.986353 1.775943
1.153026 2.248529
1.272455 1.666149
-2.197630 -0.198317
0.324415 -0.259331
-1.923520 -1.755403
2.139576 1.324251
1.496058 3.958319
0.654342 0.107532
-0.559559 -0.859218
-0.479542 -1.935000
0.101027 -0.799530
-0.942973 -0.634880
1.160619 2.024186
-1.020846 -1.539888
0.977198 0.876211
1.244378 1.686112
0.085777 2.115830
-1.101800 -2.220841
-0.949762 -0.536549
1.251678 3.351423
-0.431362 -0.788260
0.279789 0.910776
0.191203 1.143965
-0.624753 0.342377
-0.659932 -0.059870
0.254764 0.541869
-0.010746 0.239942
1.460745 1.012720
0.311940 0.348484
0.582328 0.864454
0.522451 -0.939417
0.187072 1.567007
1.052483 -0.204885
-0.373381 -0.064228
2.900378 4.016767
-0.738980 -0.072342
-0.155298 -1.969912
0.432357 0.203778
-0.684254 -0.792030
-0.701092 -0.102156
0.680937 1.072540
-0.663486 -2.347609
-0.029542 -0.900888
0.527608 -0.752901
-0.563644 0.728626
0.121736 -0.843533
0.586561 1.173543
0.737160 0.568810
2.028851 2.374349
0.113019 0.592693
2.146739 2.225115
-0.832582 1.193936
0.098445 1.159324
-0.128390 0.146866
-0.539123 -1.620248
0.143272 0.082765
0.587706 2.771701
-0.846487 -0.408449
1.011075 0.011101
-0.580029 -0.408459
-1.285974 -0.828420
-0.833347 -2.505648
-0.416371 0.288353
-0.341507 -0.428891
0.875789 2.405870
0.898470 1.368494
0.333284 0.931817
0.286998 -0.349173
0.858695 1.789537
-0.245458 0.699208
-0.484988 -0.137911
-1.388173 -1.503274
0.424106 -0.534362
-1.087751 -1.030159
-0.347374 -0.524189
1.044786 -0.564148
0.811255 0.334812
-0.565719 -1.672367
-0.291543 0.229398
-0.268302 -0.659246
-0.094739 -1.353734
-2.012454 -2.573774
0.832149 0.482322
-1.450721 -0.388685
-0.520200 -0.397537
0.202922 0.972916
0.595219 1.045033
2.289107 1.326263
-0.292755 1.519295
-1.029361 -1.314508
1.240266 1.182765
0.371242 1.665826
0.516950 2.264622
0.983522 1.555213
1.275721 2.071276
0.376230 1.178873
0.779098 0.790413
0.930255 0.615316
-1.041985 -1.861864
0.080088 0.046131
-0.728169 -1.575112
0.754625 2.915832
-0.300557 0.194680
0.830916 0.956916
1.592943 0.636236
-1.854877 -2.915605
-0.061953 0.761743
-0.638681 -1.959403
-0.991431 -0.515423
-2.474012 -3.377209
1.361748 0.556007
-0.375841 -1.421840
-1.480700 -0.773115
0.429296 -0.793602
-0.509610 0.129920
0.572261 0.891726
-0.408563 1.854697
-1.741096 -1.779331
-0.420623 -2.445690
0.129979 -0.135425
0.475538 0.602863
0.402850 -0.998832
-0.769077 -1.085995
-0.744421 0.623252
-0.038964 1.154000
0.330263 -0.438955
1.071469 0.162264
-0.651633 1.964477
0.637851 3.323293
1.488266 0.680115
-0.566299 2.203035
0.489026 -0.707445
0.562959 0.867317
-0.474999 -0.414559
0.236293 -2.888384
0.832211 -0.065055
0.742239 -0.374599
1.008752 -0.769098
2.150740 2.039975
1.658964 2.911725
-1.533623 -2.099742
-0.242546 -2.676871
1.201536 1.038661
0.629164 1.490141
-1.796143 -0.732419
-0.141456 -3.120884
0.731297 0.620726
-0.226129 -0.473466
0.468264 1.024465
-0.849284 -1.821353
0.951096 2.592260
1.359358 1.156270
-0.422444 -0.948600
1.481933 2.218778
-0.002398 -0.977632
0.414231 1.055335
-0.394554 0.518631
-0.015680 0.376819
-1.827977 0.522392
-1.947524 -0.972593
0.285459 2.058138
-1.540216 -0.332181
0.472926 1.559943
1.733649 0.863452
-0.702699 1.215018
-0.145355 0.397753
1.083557 1.183062
1.117127 1.460264
1.649400 2.021918
-0.326808 0.184462
1.166003 2.330184
0.095491 0.178689
-0.273051 1.541957
-0.778532 -1.826455
-1.286633 0.025173
1.267120 -0.109585
0.418216 -0.215364
1.493444 0.992490
1.285355 1.372287
0.230381 0.176463
0.421537 0.453563
-0.163798 0.191198
-1.318872 -0.615188
-0.688439 -0.288121
-0.675213 -0.176799
-0.210384 -0.333272
0.312549 -0.742129
-0.201553 -0.704729
0.316674 -0.250580
-0.818951 -1.418232
-0.005685 -0.538697
-0.066381 -2.031182
-1.190929 -1.087098
-1.183466 -0.374504
0.170532 0.532617
1.719202 2.395097
1.325635 2.326243
-0.477344 -0.383804
2.163248 4.011128
0.333687 1.898213
-0.105154 0.949802
1.163535 1.409015
0.971618 0.564846
-0.069214 2.084241
-0.930849 -2.983150
-0.630786 -1.685837
-1.038264 -0.382792
-0.711838 -0.876642
1.028402 1.104220
1.185101 0.103585
1.017469 -0.142524
-1.829338 -0.231283
0.438643 1.190517
0.508634 -1.227138
-1.062687 -0.552899
-0.340470 1.551154
0.675331 1.017126
-0.833374 1.332654
-1.347942 -2.861975
0.307369 -1.213932
-0.156385 -0.736422
-0.401853 -0.474756
-1.341044 -1.737341
0.427244 0.155760
-1.182281 -3.147308
-0.462939 -0.555555
-0.716152 -1.032565
1.269578 0.693695
1.172439 -0.359888
-0.300050 -0.774093
-0.272943 1.352972
1.316051 1.747732
0.165558 -0.521807
1.556762 1.582653
0.885174 1.619749
-0.625799 -2.251641
-0.120905 -0.219121
-0.362085 -0.787848
-0.561254 0.647234
-1.008034 -0.797771
-0.203768 -0.124795
-0.548116 -1.363779
-1.264559 -1.734616
0.977619 1.950997
-0.662617 -2.913331
0.306380 -0.200864
-1.279372 -1.292388
1.153190 1.540531
1.022974 0.090225
0.274701 1.899543
-0.043994 1.035676
0.676211 1.257956
0.371914 -1.395700
-1.032366 -2.426045
0.105255 -0.422454
0.172946 -1.100565
-0.701239 -1.118917
-1.637606 -2.193204
-0.667025 -0.022930
-2.195530 -3.620470
0.351331 0.250068
0.769517 2.967168
0.515552 2.179754
-0.466910 0.190950
0.579288 2.990552
-0.166829 -0.291676
1.662428 1.400273
0.995852 1.237764
0.448251 0.321644
0.220047 1.675296
-1.064204 -0.783567
1.205170 2.897689
-0.649676 -2.323791
-1.253556 -1.778728
0.891239 0.243019
-1.566270 -2.495224
1.120932 -0.291770
-1.246765 -1.173852
-0.406626 -0.336315
-0.820235 -1.145433
0.150176 2.740754
-0.161508 1.208390
0.516945 -0.436804
0.587279 0.033485
1.695726 2.255557
-1.013196 -3.229117
0.951003 1.955218
0.401849 -1.469027
1.761512 1.004535
0.734822 -0.316190
-1.361354 -0.808621
-1.641785 -2.216998
1.075352 0.930860
-0.211867 -1.247744
1.078317 1.697486
0.978227 0.195063
0.823544 1.854805
-0.436397 1.355536
-0.251026 -0.252147
1.170999 0.666837
0.677408 -1.185899
1.655915 1.103954
-0.391266 1.824509
-1.750599 -2.324300
1.562302 0.838577
-0.540366 0.109948
-1.276831 -0.678373
-0.870795 0.099340
1.199260 1.314747
-1.336449 -2.105667
-0.859251 -1.401305
-0.533536 -2.075641
-0.208866 0.835512
1.696572 2.430973
-1.964319 -2.731432
0.011041 1.704934
-0.481011 -1.061585
-2.413131 -0.641765
-0.106493 -1.685277
0.954944 2.874528
-0.548884 -2.172709
-1.709255 -2.334334
0.278191 0.755795
-0.156344 -0.563979
-1.314112 -2.083044
-1.782829 -2.325483
-0.972948 -0.083005
0.785276 1.084316
-0.917315 -1.236527
0.243636 1.242084
2.202125 2.716547
-1.135115 -0.043004
-0.098843 0.976760
1.093639 1.092298
0.575318 0.658934
0.319321 0.719400
-0.099655 1.637758
-0.121757 0.287278
1.700837 2.705436
1.565297 1.824067
-1.287512 -1.479947
0.853658 0.659191
0.456312 1.195189
1.246917 0.431085
0.975596 1.736265
-0.566476 -0.043774
-0.108341 0.157860
-0.750291 -1.056632
-0.535909 -0.666893
-0.517018 0.833302
0.467000 -0.508788
1.132989 0.024241
-0.475342 0.153063
-1.400384 -1.234063
0.450520 0.898424
0.460022 0.009093
0.941950 3.064001
0.665083 -0.942097
-0.805308 0.228008
0.084740 0.236825
0.841480 0.401387
-0.641806 -0.916980
0.065407 -0.121879
0.065288 -0.180405
1.209910 1.777071
0.756255 -1.195536
1.040217 4.287903
-0.344042 -2.203347
0.097422 -0.598291
0.533792 0.101062
-1.051581 -2.191640
-1.116387 -1.877986
0.376016 2.041895
-2.148952 -2.278474
1.438057 1.065976
-1.239149 -0.594854
0.179990 -0.513791
-0.410769 0.132278
0.574460 0.478168
-0.143427 0.516464
0.322408 0.469398
1.305923 2.119535
0.456543 0.398086
0.350045 1.075326
0.960718 -1.121281
-0.031664 -1.138966
-0.732567 0.614135
-0.069582 0.008422
-1.077291 0.353236
-0.938441 0.958169
-0.545541 0.550394
-1.003053 -1.828436
0.073712 0.141321
-0.259382 -0.714870
0.521556 1.114323
0.804769 -0.194028
2.444651 1.407986
-1.248327 0.407242
0.263421 -0.876695
1.440144 0.828459
-0.212193 -0.023126
-1.631644 -1.334097
0.422250 -0.189311
0.310377 -0.157866
-0.622707 -2.489637
1.267676 -0.124130
-0.470511 0.097679
0.014781 0.487463
0.415067 0.967289
-0.854025 -0.572487
-1.093926 -1.631251
-0.342112 -1.669921
0.436285 0.809146
0.344935 -1.467170
-0.336402 0.683907
0.965391 2.580988
0.577947 1.346462
0.687525 2.603390
-0.322407 0.668402
1.625215 1.028175
1.448464 1.410549
0.372575 1.356549
-0.260888 -0.980524
-0.347846 -1.086224
0.538917 0.610864
0.230190 -0.280291
-1.344101 -1.079294
1.242084 2.093913
-0.922666 -2.343293
0.179418 1.046396
0.637182 2.074041
-0.372416 -0.625191
-2.577304 -0.609364
-0.288509 -0.180108
-0.281804 -0.176718
-0.129952 0.357250
-0.886449 -0.256724
1.571343 1.164932
0.056269 1.916106
0.625132 -0.002622
0.166062 1.339330
0.850880 3.048470
0.994420 2.224540
-0.805006 -0.312787
0.765943 1.254670
-0.368617 -2.124198
0.164964 0.542463
0.678004 0.009910
0.461423 0.369299
-1.390399 -1.906464
0.819466 -0.111917
0.849343 -1.250416
-0.024830 0.499338
0.188150 0.959685
-0.042590 -0.553278
0.194927 0.884752
0.495492 0.204455
0.544679 0.012776
1.711294 2.762747
0.733461 2.410564
1.140462 0.853433
-2.452129 -0.873805
1.524077 0.876516
-0.102870 -0.456253
0.215279 -0.277489
-0.487062 0.436024
0.016333 -0.903969
1.413494 1.228813
-0.354695 0.115579
0.052694 0.450113
-0.802627 -1.899944
0.148998 -0.296105
-0.640530 -0.988413
-0.825850 -1.595042
-0.222835 0.149114
-1.014203 -0.669691
-0.730633 -2.334386
0.456519 2.657978
0.599305 0.324721
0.080721 1.013075
-0.585329 -1.928561
-0.315908 0.176215
-0.252357 -1.333759
0.110125 0.775281
0.906327 3.052102
0.632078 0.535353
0.202637 0.350137
1.381014 0.353704
-0.794170 -1.503736
-0.926528 -1.782448
-1.613060 -2.946759
0.970042 1.239716
0.486875 0.833951
1.113315 0.455747
0.138458 0.461567
-0.213766 1.431846
-1.133535 -0.556222
-0.412255 -0.517312
0.696560 1.661148
2.411751 2.071476
-0.040687 -0.280470
-0.144100 -0.316402
0.914369 2.301602
-0.038607 -0.406949
-0.040601 1.524861
-0.809422 -0.869017
0.389339 -0.860297
-0.415019 0.736733
-0.476338 0.853369
1.378154 1.529290
0.901909 1.383296
-0.334062 -1.961466
-2.059902 -0.819736
-1.689561 -1.682546
-0.679703 -2.847209
0.355542 0.037952
1.162195 2.719001
0.022281 -0.747895
1.198495 1.957848
-0.972864 -0.711530
-0.166954 0.059128
0.586832 -0.701864
0.254815 2.526283
-0.224205 -0.565244
0.317508 1.492678
2.691418 2.981850
2.327058 0.220432
1.367396 -0.814268
-0.799908 -1.399519
0.830308 0.368498
0.147477 1.733359
-0.615290 -1.511053
0.442974 0.827036
-1.079360 -0.516124
0.760510 1.007534
-0.293075 -0.457612
-1.461914 -2.096024
-0.825986 0.291495
-0.238412 1.222325
-1.513004 -2.762000
-1.196073 0.717153
-0.980518 -0.718722
-2.662410 -2.317281
0.068165 -0.607547
-0.825138 -2.745859
0.860786 -0.729121
0.707927 0.221088
1.041577 1.600950
0.197740 0.182458
1.034891 1.996859
-0.714959 -2.466068
-1.509728 -0.902099
-1.127819 -0.250000
0.593335 0.997736
-0.155091 -0.956362
-0.348108 -0.868801
-1.338459 -0.454092
-1.182969 0.420214
-0.018991 -1.317480
0.121793 -0.282808
0.309601 0.052099
0.477835 0.505637
0.132436 -2.267837
-0.915664 -3.135495
-1.158792 -1.922653
-1.266127 -2.004092
0.159632 0.695736
0.648797 2.365708
-0.407703 -0.675221
2.059486 2.645314
-1.523204 -1.398290
-0.685851 -1.042332
1.571727 2.758953
-0.168226 -0.081519
0.400304 0.928872
1.308903 1.051520
0.621529 0.067238
0.945416 1.919417
-0.604616 -0.266978
-1.114339 -1.631548
1.081089 0.687538
-0.457133 0.599100
-0.549341 0.489122
1.213972 -0.397757
-1.470724 -0.966777
-0.349038 -0.368204
0.394623 0.917021
-0.638180 -1.400841
-0.320001 -0.738545
-0.195404 -1.214169
1.238738 1.068150
-0.487706 -0.192775
-0.708664 1.011247
0.878765 1.420551
-0.171770 0.316593
0.328932 -0.243392
-1.361001 -1.232335
0.482726 1.070231
-0.111200 -1.529101
1.109236 -0.818304
-1.231678 -0.748804
-0.500553 -0.068600
-0.074150 -0.951087
0.315120 1.509380
-0.650854 -1.004477
1.918715 2.243415
0.226848 -0.180078
1.541310 1.337227
-2.490500 -1.571447
1.377437 2.354417
0.716738 0.327709
0.182377 1.829550
-0.941292 1.312569
-0.565428 -0.072944
-0.941291 -0.356117
-2.118157 -2.502386
0.270908 -1.949145
2.510490 0.631862
-1.980442 -0.358358
-0.037591 1.630061
-0.370939 0.594629
-0.563876 -1.377894
-0.362174 -1.834776
-0.450518 -1.001462
-0.920792 -0.613410
1.189487 0.788846
-0.324031 -1.695274
-1.356632 -0.773239
1.634309 0.581770
1.076531 2.217365
-1.974854 -0.701778
-2.054544 -0.969382
0.049674 1.703407
-0.025008 0.090075
-0.186344 0.717438
-0.004235 0.131498
0.514220 0.085997
1.284687 1.637339
-0.578473 0.142879
0.330492 1.062937
0.123583 -0.331957
1.669419 1.736553
0.796265 0.618813
-1.158695 -0.772041
1.158139 -0.287500
0.365838 0.480780
-1.366997 -2.225338
0.288201 1.898948
1.984842 2.786661
1.008742 0.849320
-0.640973 0.047366
1.903596 2.169367
-2.000736 -2.801961
-0.170081 -1.138746
0.091838 0.980996
-0.102942 -0.257419
0.000157 0.176457
-0.494372 -0.256264
-0.273085 2.165519
-0.421188 -1.596854
0.692969 0.993828
-0.303139 0.095165
0.008804 -0.097988
-2.008564 -2.222459
0.971681 0.516228
-0.154330 -0.897681
-1.425660 -0.975949
0.816057 0.271307
-0.577242 -0.652487
0.444353 0.769291
-0.234847 -1.211560
0.502764 0.986097
1.980979 2.561198
1.414704 2.234079
1.016509 1.285187
0.075569 1.622146
1.124848 0.943826
-0.519493 0.671957
0.495503 -2.439550
-0.558446 -0.459411
0.381274 0.644807
0.901602 2.534834
0.726562 0.887905
0.659010 0.291936
-0.561045 -0.393084
-0.829146 -1.408161
0.576547 0.342428
0.891094 2.292620
-1.393267 -2.515611
-0.507929 -1.850458
-1.094098 -2.076284
-0.086860 -0.280861
-0.273332 1.484574
0.986211 0.053139
1.483312 1.765852
1.845758 2.334846
-0.181954 -0.977403
-1.186136 -0.897126
-1.336557 -1.387359
-0.021561 1.774215
-0.074394 0.153867
-1.312759 -2.493584
1.669946 0.023234
-0.210360 -0.570272
-0.888222 -0.610504
-0.569627 -1.843056
-1.687277 -0.027014
0.524413 1.485907
-1.423409 -2.546585
1.188960 -0.070316
0.792041 0.413699
0.089642 0.452911
0.153289 0.268783
0.334690 2.087182
0.842231 1.575276
-0.248343 -0.988894
0.271950 -1.584760
0.882701 -0.170070
0.853332 1.070008
-0.674404 -0.299069
-0.150901 -0.452445
-0.005197 0.083260
-1.310477 -0.918011
1.478087 2.601474
0.159506 -1.414983
-0.523935 1.620583
0.033295 -0.214730
0.433007 -2.387686
-0.791743 0.078989
-1.299939 -1.764326
-0.054553 0.772802
-0.658092 -0.573793
1.138382 2.230953
-1.356835 -1.200936
-1.060810 -0.378060
1.729505 0.923624
-1.098487 -1.764534
0.387540 1.289913
-2.163676 -2.021445
1.098836 0.848271
2.246268 0.683124
0.346731 1.247418
-0.588448 -0.839005
0.399309 0.790563
1.080352 0.242150
-0.230034 -0.253058
-2.594663 -4.475041
1.925970 1.564223
-1.037920 -2.288329
-0.909291 -1.350289
1.260786 1.485459
0.881933 1.273350
0.507739 0.299416
0.299713 -1.052074
0.907980 0.605563
0.896333 -1.347355
0.442398 2.430069
-0.374610 -1.092977
-0.463595 2.125883
-1.280187 -1.994608
0.492855 2.973161
-0.735964 -0.790633
-1.315954 -0.856998
0.966657 -0.818676
-1.546549 -0.707815
-0.486087 -0.480011
0.317338 -1.052131
1.786228 1.214655
-0.654755 1.508397
-0.802270 -1.961195
-0.877379 -0.851143
0.787542 0.334878
-0.726604 -1.578297
-0.528685 -0.260928
1.432409 1.738620
0.003518 -1.254883
0.096363 -2.717647
0.594634 2.159288
0.866780 0.824799
1.957343 2.314563
0.432588 -0.089576
-1.302860 -1.940802
1.702258 0.185333
-0.748923 -1.700731
1.035662 1.210693
-1.011387 -1.656115
2.130751 1.038294
1.425375 2.117044
1.049216 1.260383
-0.928703 -0.171370
-0.089229 -0.542075
-1.571516 -0.376347
0.999230 0.386283
-0.105006 0.238010
0.227695 -0.184238
-0.233285 0.623912
-0.937798 -0.261695
-0.587385 -0.840266
-1.252078 -1.116437
0.187275 0.323062
-1.476383 -0.314206
0.077929 1.130094
0.586055 1.468625
0.619831 0.714966
-0.612288 0.070727
1.770191 1.896944
-2.085068 -2.709190
-0.089876 0.028604
0.829801 1.199708
0.965199 0.787992
-0.081016 0.235236
-1.007583 -0.516481
1.492913 1.751944
-0.768636 -1.034027
1.128127 1.390623
1.081938 0.289981
-0.343068 0.865945
1.698813 1.080254
0.354598 -1.191329
-0.214701 -0.339567
-1.349134 -0.340305
-0.860392 -1.185703
1.861309 2.294389
2.016007 1.485637
0.971686 0.395309
2.366202 2.971318
0.587934 0.901805
0.831796 1.209186
2.214551 2.306939
-0.539411 -1.017474
0.149199 -0.239046
-0.090285 1.124894
1.003546 1.731290
-0.467630 0.348655
-0.311090 -1.097632
0.889606 -0.012819
-0.995232 0.485200
1.537198 2.095633
2.109285 1.283730
-0.554313 -0.619935
-0.198383 -0.731499
0.029500 -0.915841
-0.245385 -2.262929
-0.772473 1.176569
-0.870826 0.038942
0.160826 -0.029011
0.903817 1.341395
0.180917 -0.134418
1.489130 3.082634
0.814274 1.346635
0.457501 1.820118
0.193768 2.320064
1.183533 1.624010
-0.084262 0.179762
-1.383946 -2.321011
-0.224559 0.573848
0.174612 -1.121553
-1.120153 -1.128212
-1.267746 0.042984
0.061976 -0.809647
-0.674602 -1.647542
-0.439085 0.797427
-0.400639 -0.381164
0.006781 -0.779197
0.046790 0.854874
-1.907201 -1.655226
-0.596847 0.716952
-0.297858 1.025103
0.841658 2.851743
-1.140794 -0.803823
0.320339 1.466565
-2.728986 -3.045156
1.013352 1.887518
0.849080 0.682348
-0.290556 1.061851
-0.927031 -0.826327
-0.448559 0.091295
1.060520 1.544180
0.202469 0.772455
-0.923964 -0.876286
1.019540 1.238505
1.830563 2.248800
-1.574947 -1.749859
-0.469987 -0.933954
0.469694 -0.177363
0.006281 -0.705842
-0.553083 -0.847663
0.256660 0.164925
1.590056 2.962101
-0.383765 0.987561
0.060557 -0.271814
-1.034669 0.631025
-0.510851 -2.076534
-0.549177 -0.342283
0.942352 1.051904
0.288423 0.261601
0.519905 1.863318
1.554238 1.774283
-1.939966 -2.896217
-0.342266 -1.375653
-0.321435 1.158595
0.063862 -0.462408
0.064088 -1.106245
-1.471979 -0.622064
-0.226479 0.464945
-0.583269 -1.438363
1.159595 0.196609
0.023506 0.851026
1.105105 1.461840
-0.141256 0.872011
-0.688696 -0.425506
-1.036075 -1.148566
-1.062980 -0.551888
1.359330 1.945712
1.406314 1.110157
-0.646343 0.761435
1.795214 1.861936
0.049377 -0.081099
0.257886 0.555974
2.248670 1.714311
-0.577977 -0.235185
1.409268 -0.600253
-0.516649 0.097156
0.613289 -0.555404
-0.244949 -0.717191
0.401841 1.337109
-0.562734 -2.777579
1.313657 0.395187
-0.602286 -0.879154
-0.060110 -0.066440
-0.757380 0.261160
-0.774398 0.953018
0.873970 0.663312
1.211392 -0.448729
-0.728976 -0.532255
0.247247 0.130306
-1.597531 0.444691
-0.092761 0.135840
-1.405829 -0.978178
1.760735 1.389833
0.209110 0.686151
0.323397 0.888633
-1.127320 -2.366680
-1.387148 -0.835331
0.075381 0.960351
1.609344 1.986378
-1.701826 -2.465523
0.651844 0.004079
0.378641 1.156820
-0.649524 -1.244401
-0.116236 0.397816
-0.575590 -1.201500
-1.279033 -1.273897
0.945053 1.947323
0.798039 1.056101
0.086855 -0.661159
0.004584 1.026129
1.013001 0.804497
-0.824520 -1.189521
1.094741 2.376247
-0.403389 -1.225948
0.258335 0.016072
-0.303199 -1.826300
0.215166 0.203578
-1.438152 -0.375435
0.179761 0.888000
-0.719665 -0.085807
2.117204 2.566869
0.502931 0.083560
-1.322051 -1.238297
-0.650741 -1.020590
-0.810572 -0.313521
1.479238 1.939748
0.963536 -0.326314
1.177496 1.903480
-0.043150 -0.319629
0.302768 1.124008
-2.144933 -0.714047
0.483089 -0.644681
-1.341250 -2.355122
0.122602 1.214526
0.630062 -0.376078
-0.471238 -0.628251
2.231733 1.622294
0.116668 -0.267395
0.250337 0.460558
-0.070948 2.340832
-0.266078 -0.121845
3.418001 2.781147
0.342532 1.228987
0.556398 -0.275350
1.999793 1.160921
-0.316655 -1.379829
-0.581217 1.207703
-2.068550 -1.528145
1.579818 -0.219110
-0.254275 0.945989
0.297013 0.701234
-1.001421 0.180056
-0.592832 0.633839
0.447795 1.088312
1.019298 2.182189
0.793062 1.240860
0.754494 -0.827894
1.379710 1.977068
-0.779399 -0.142866
1.467653 2.357451
-0.837813 -1.240658
1.899900 0.889963
0.677462 0.709152
0.727899 1.326376
0.155263 0.234904
0.365966 -1.223905
-0.421146 -0.881205
-0.802512 0.056008
0.564059 0.154934
-0.068830 0.025041
1.492141 1.344171
0.179193 1.993187
-0.162608 -0.812770
-0.218235 -1.869288
-0.318056 -0.828571
-0.320235 -0.071938
0.357194 -0.255150
-0.420972 -1.084806
0.805544 0.124837
-0.528146 -0.057436
0.076581 -1.239800
0.133021 1.325742
-0.663920 -1.343312
0.196993 1.430631
0.643977 1.215243
0.504988 0.229044
-0.550506 -1.715905
0.393416 1.442389
-0.119577 -1.150600
1.013069 2.402887
0.680488 1.371286
1.498539 2.271521
-2.390091 -1.648458
-0.016402 -1.182861
-1.068053 -1.670213
2.209680 1.274855
-1.203278 -0.306783
-0.654445 -0.636840
-0.742605 -0.286731
0.087659 0.911709
-0.846598 0.231468
-0.239937 -0.360020
1.377810 2.861479
0.186317 0.925963
1.665597 0.951973
2.086930 1.924294
0.138686 -0.835086
0.014227 -1.525150
0.783693 1.145834
0.953794 1.462611
2.187888 3.518437
-0.991529 -0.088870
-0.575517 0.708706
1.214791 0.835695
0.819432 0.130232
0.321746 -0.141261
-0.264360 0.291534
0.735130 1.432871
0.987401 0.109140
-0.862044 -1.370672
-1.266356 -1.789727
0.434159 -0.707412
-0.039392 -0.617783
-0.811733 -1.677152
-1.136322 -0.466664
-0.209634 1.458706
1.278701 1.782953
0.532780 -1.518525
0.050712 0.335555
0.672754 1.129511
-0.807467 0.324865
-0.501423 -0.811636
0.648254 0.126674
0.079941 -1.871597
0.423418 -0.241987
0.132747 1.619592
0.473714 2.557521
0.032268 -0.691779
-0.938907 -0.607230
0.812179 0.598759
0.093249 -1.703783
-1.138790 -0.803916
0.603093 -0.621485
0.141557 1.074465
0.749914 0.123585
1.056469 2.513970
0.546983 -0.329398
0.906975 0.326892
1.378137 1.698977
0.159485 0.987284
-0.665789 -0.367207
0.204035 0.345109
0.959844 0.548727
0.570038 0.522075
0.843977 1.191822
0.497719 1.313103
0.755561 1.532783
-0.183887 -0.581967
-0.909438 -1.497107
2.302524 -0.546703
-1.510575 -1.589173
0.110884 0.356514
-0.350035 -0.644345
-1.741405 -1.552699
0.058452 0.516411
-1.087859 1.132209
0.120095 -0.597396
0.066746 -0.109042
-0.632241 -2.294221
-0.636933 0.683571
0.698831 -0.902184
0.494234 1.309237
0.182377 -0.223430
-2.159375 -1.383583
-1.850698 -0.729812
0.353990 0.698120
0.913899 2.731083
0.368466 1.532615
0.346125 0.923418
-0.081368 -0.040970
2.221615 0.886363
-0.516354 0.186254
-0.106662 0.578465
0.188717 1.450628
0.049275 -1.256474
-0.628588 -1.877542
-0.967966 -2.136585
-0.784493 -0.093523
-0.676774 -1.899290
0.509557 -0.336874
-0.360506 0.344761
-1.413193 -0.904235
0.652760 0.834369
0.075902 -1.048297
-1.591787 0.058376
1.084310 0.835763
-1.538834 -1.316377
0.806968 -0.533579
0.467361 1.804598
0.103296 1.365013
-1.498922 -1.408072
-0.422722 -2.250138
-0.138995 -0.371807
1.485951 0.935307
-0.631100 -1.303075
0.431555 -0.685584
0.163799 1.068864
1.719074 1.940409
-0.622855 -1.173938
-0.527141 -0.726601
0.048870 0.230666
0.862249 0.948210
-0.038132 0.381967
0.564179 2.244221
-0.384058 -2.168901
-1.314573 -0.016484
1.443360 1.791465
-0.010641 0.206090
0.924188 1.165430
-0.180086 -0.198558
1.279812 2.028918
0.139560 0.207009
1.613563 0.974503
0.848438 2.085629
-0.237927 -1.009898
-0.720370 -0.826594
-1.177919 -1.585813
0.387848 2.906640
0.146717 0.273209
0.086917 -1.370628
1.662093 0.721587
0.157306 -1.819183
-0.882955 -0.321610
0.507956 0.311515
-0.801728 -1.477654
-1.202826 -0.315666
-1.554630 -1.265370
0.113900 0.198328
0.584622 0.821923
-1.183415 -3.054701
-1.346700 -1.553125
1.033387 0.409996
-0.380396 -0.642433
0.604729 0.276622
1.173172 0.509079
-1.388793 -2.841653
-0.121794 1.115445
1.345891 -0.804751
-1.400600 -1.233768
-0.397153 -0.720193
1.083501 0.471672
0.051150 1.333032
-0.532856 -1.507422
0.059587 -0.321061
1.120804 0.540582
0.090472 -0.113809
-2.082179 -1.629038
0.936979 0.195897
-1.281331 1.230390
-1.418026 -1.462185
-0.397781 -2.569134
0.406342 0.297236
2.627809 3.249767
-0.437697 -0.191862
-1.129499 -0.105156
2.346932 1.762968
0.581574 0.763793
1.154717 1.026642
-0.873795 -2.574418
2.655728 5.209276
-0.700544 0.224523
-0.637446 -0.046259
1.110710 1.019918
0.798254 1.534115
-1.213181 -2.179798
0.311287 -1.091887
0.222647 -0.171981
1.340658 1.985918
0.024088 0.168876
-0.836622 -1.070176
0.331147 -0.675302
0.686634 0.456061
0.210672 -0.214658
-1.182615 -0.648633
0.894414 1.060552
-0.617358 -2.651143
-1.295747 -2.309081
0.364382 0.994811
0.893779 2.870431
0.238464 -0.340108
-0.740415 0.184497
-0.205563 -1.905586
-0.463446 -0.379588
1.803551 1.336120
-0.835525 -0.190430
-0.800590 -1.896963
-0.340270 -1.004046
-0.222127 -0.074168
0.915488 -0.877389
0.165502 0.265598
-1.251401 -1.728990
0.006653 0.011758
1.156398 1.366534
-0.869181 -2.503661
-0.921726 -0.896010
0.605599 -0.355805
-0.253713 0.526929
0.678492 1.944120
-1.527985 -1.011182
-0.951611 -2.308568
0.394290 0.464619
-1.202312 -1.529895
0.080280 -0.161526
-0.758717 -0.467976
0.156831 -1.536412
-2.134171 -3.414702
0.703868 -0.138365
1.664384 2.252887
0.256823 0.143377
-0.253203 1.367147
1.474589 2.337653
-0.110913 0.559301
0.424222 -0.529688
0.581877 0.267331
-0.578654 0.160054
0.832919 0.611444
0.412531 -0.882308
-0.478169 -1.461029
0.656655 -0.428979
0.822722 1.155840
-0.208722 -0.713654
-1.001695 -0.035211
0.288516 0.473949
-1.012488 -2.686261
0.218940 0.735883
-0.989792 -0.853688
-1.343658 0.810553
2.202382 1.847260
-0.196268 -0.026271
0.680223 -0.394612
0.887895 -1.660606
1.487477 2.254562
-0.374607 0.176372
-0.005047 0.130250
0.379699 1.696568
-0.591320 -0.777456
-0.810651 -0.921710
1.230719 1.676385
-0.976429 -1.033900
-0.053347 0.192814
1.910054 2.005899
-0.232642 -1.593064
1.265173 1.693463
-0.609277 -1.222956
0.493579 0.930150
-0.271578 0.223333
1.019106 2.863823
-1.906300 -2.877227
2.280274 2.076006
-1.100759 -2.121926
-1.148163 -0.395036
1.655852 2.653381
-1.211571 -0.927751
0.678367 0.056479
-0.696057 0.879744
-0.900197 -0.840480
-2.148215 -2.102415
-0.012656 1.076836
-0.099486 -2.147606
0.204487 -0.259632
0.760701 -0.222469
0.102959 -1.105300
-1.203392 -0.157208
-0.021809 0.962418
0.351398 0.136987
-1.053883 -0.796103
0.386545 3.696336
0.681956 1.359430
-0.091298 -0.402029
0.228030 0.227038
-0.190582 3.003187
-0.220696 -0.669672
-0.979783 0.225830
-1.161223 -1.426024
-0.684839 -1.402297
-1.729636 -2.722857
-1.524113 -0.575345
-0.529793 0.250115
0.008379 0.412628
-0.664354 0.139150
-0.256299 0.133990
-0.617183 0.254220
-0.134465 0.015137
2.401700 2.324332
1.610203 1.595120
0.383685 -0.451970
-0.705591 -0.801144
0.069258 -0.190947
-1.179654 0.290940
0.051843 -0.994063
0.054956 -1.017079
0.131356 0.100584
-1.000564 0.474727
0.573505 0.189272
-0.035397 -1.294901
-0.470533 -1.657667
0.841587 1.786744
1.771809 2.187595
0.885119 0.396812
-0.217609 1.370214
-1.772076 -2.560559
1.252501 2.101730
-0.962250 -0.080282
-0.391391 -1.065351
0.247016 0.211609
1.216753 -0.315860
0.301626 -1.037571
0.243370 0.306791
0.537564 -0.135776
0.699670 1.498527
0.871291 0.535046
2.831046 3.816321
-0.967744 0.019160
0.916127 1.735047
-0.452292 0.320879
-1.214270 -0.046622
1.124553 -0.550974
0.486688 1.639757
0.705207 1.808736
-1.141452 -1.083339
0.690165 -1.448165
-0.950111 -1.925262
1.732199 0.546400
1.952709 1.783460
-0.138945 0.898617
-0.093951 -1.912339
0.488465 -0.185147
-1.490589 -2.757748
-1.335671 -0.594988
-1.019026 -0.669605
0.235446 1.146002
1.222118 0.731325
-1.931876 -2.780643
3.270639 3.196963
0.550537 0.289282
0.445585 0.122188
0.200403 0.340869
-0.627543 -0.034788
-1.987524 -1.119289
-0.534839 -0.917190
-1.357213 -2.322155
1.014122 1.339092
0.655562 -0.109761
-0.319272 -0.521826
1.000695 0.433302
0.546638 0.228679
-1.369087 -1.593395
-1.673437 -0.115388
-0.302288 -1.104649
1.036740 1.775187
-1.473821 -1.656346
0.553609 1.583685
0.895039 1.994092
-0.366168 -0.940603
-1.656766 -2.252698
0.444886 -0.279059
-0.168615 -0.661641
-0.719063 -0.850737
0.651703 2.452587
0.390237 -0.132017
-0.121843 0.546802
1.076998 1.025253
0.262484 -2.112147
-0.073757 0.416643
-0.230085 -0.690039
-0.262837 -0.341652
-0.144568 0.543918
1.935199 2.761567
-0.345316 -2.389285
-1.126091 -1.302388
-0.186222 -0.712408
0.814544 -0.247876
-0.655164 -0.749248
0.110853 -1.572106
0.809498 -0.199081
1.078582 -0.275885
0.587299 1.124325
-0.213191 -0.367293
-0.838740 -0.582394
1.145573 0.574050
-1.024824 -1.467130
1.316076 -0.148791
0.454767 1.065323
0.156098 -1.749920
-1.286728 -0.271697
1.116940 0.058056
1.256479 1.934023
1.465024 1.624548
1.044743 0.781953
-0.691663 0.540222
-0.333599 -0.871651
-1.713020 -1.482573
0.206515 0.556734
0.229295 -0.610366
-0.658485 -0.933424
-0.427288 -2.674054
-1.556381 -1.039315
-0.079684 -0.904976
-0.970517 -0.634462
-0.892962 -0.601984
0.578833 0.223876
-1.281769 0.091517
1.300835 0.480794
-0.661468 -0.386513
0.030866 -0.485854
0.367431 1.002122
-0.046073 -1.330478
0.331611 1.361633
0.594119 1.275936
-0.050686 -1.098914
-0.614409 -0.000245
-0.379244 -1.404089
-0.002449 -0.095292
0.344063 -0.228554
1.132516 1.271362
0.375926 0.365833
-0.832752 -0.354375
-0.482249 0.318517
-0.226201 -1.997093
-1.039431 -0.934327
1.456181 1.877473
0.119879 -0.318956
1.108923 2.236946
0.340171 1.054363
0.958200 1.393117
-1.934042 -2.333466
0.909476 3.520178
1.401872 -0.058410
1.253220 -1.217663
-1.301913 -0.464405
1.462307 2.468408
-0.192490 1.123930
0.537105 -0.991613
-1.040111 0.963870
-1.914190 -0.619209
0.059738 -0.118540
0.121950 0.063061
1.112258 1.368983
0.268318 -0.643689
-0.435888 -1.391610
-0.648201 -1.279171
-0.141211 1.941575
-0.775191 -0.790615
0.677285 -0.372898
-0.749100 -0.614771
0.812516 0.667878
-1.379096 -0.996300
-1.241036 -2.027819
0.415971 -0.403490
-0.272932 -0.714875
-0.313624 1.016836
-0.102623 0.117441
-0.183205 -0.810507
-0.829474 -2.063412
0.725566 -0.890793
-0.565439 -0.106771
0.859764 -0.265939
0.789443 0.544669
1.410131 1.206934
0.529308 0.784969
-0.201814 -0.757256
-0.236556 -2.684743
-0.388738 0.025658
-0.046468 -1.368859
-0.617897 -0.163745
-1.748886 -2.582651
0.194030 0.203992
0.042888 -0.634417
0.390142 0.852621
-0.977182 -0.327344
0.999389 0.823735
0.504247 0.805684
2.706336 1.547723
0.406032 -1.841872
0.583214 0.396122
-1.436583 -1.288811
-1.286911 0.144483
0.541542 1.974756
0.196558 -0.362214
0.299564 1.243393
-1.043555 -2.296822
-1.040592 0.041851
-1.689878 -1.055585
1.458184 3.245239
-0.961517 0.534609
1.215257 1.518990
-1.089996 -0.520877
0.719693 2.400302
-1.067978 0.195278
1.228389 1.983546
-0.011960 -1.202886
0.120058 -1.411779
0.630737 3.196598
-0.229046 -0.072326
-1.190619 -0.541872
0.635779 0.095351
1.565456 2.602755
0.401033 2.647882
-0.862856 1.237339
0.015297 -0.080875
-0.160637 -2.152077
-0.149443 -1.411568
2.516976 0.852465
-0.513735 -1.533625
0.289053 0.513269
-0.010733 -0.220492
-0.708501 -0.405397
0.891026 0.380829
-0.997498 -2.034937
-0.142704 -0.101248
1.048712 -0.511227
1.777374 3.329803
-0.487083 -1.924543
1.396706 0.625508
0.544766 0.347368
-0.178394 1.711374
-0.879659 -1.734070
-1.251151 -0.891183
1.886014 1.324428
1.175183 0.270853
0.015940 0.437700
-0.082977 0.953856
-0.692457 -0.543075
-1.254164 -2.023030
1.893846 -0.616786
-0.212901 -0.365381
-0.304794 -1.406742
1.535376 2.815285
0.641053 0.448573
-0.177809 1.287686
-0.562021 -1.982694
1.186305 1.150100
0.534543 -0.828143
0.132021 -0.645148
-2.019082 -4.365498
-0.182413 -0.766901
-1.388434 -1.872677
-0.486178 1.571854
-0.004498 -0.048553
-1.002404 -1.682962
2.147055 1.668369
-0.723751 -1.186324
0.823472 0.686002
-0.665085 -2.297670
0.391323 -0.662412
-1.354392 -1.362821
-0.931884 -0.830456
-0.558941 -1.078424
0.906330 -0.151241
-2.405355 -3.869309
-1.022896 0.475387
-0.590319 -0.596386
-0.507062 -0.707601
0.509215 -0.426094
-1.074954 -1.252053
0.053572 1.022582
0.147183 1.323397
-0.189269 -0.723925
1.035164 1.313062
-0.527622 -0.601036
0.011980 -1.181163
-0.037589 2.384024
2.277451 3.177335
1.811272 2.318016
-3.087845 -1.558386
-0.346833 2.279854
1.437673 2.319541
-0.960838 -2.417820
-1.407711 -1.992443
0.099944 -0.028850
0.851275 0.049007
0.382952 -0.127086
-0.319259 1.188360
1.305598 0.208956
1.309301 2.546264
-0.841547 -1.119649
-1.126066 -2.603358
-0.380698 -0.682768
-0.304019 0.243039
-0.657202 -0.220432
0.991502 2.206672
0.330180 -0.558688
0.184744 -0.205027
0.127520 -1.632050
1.113230 2.137269
-1.956571 -5.030314
1.036054 -0.601127
0.862319 1.264893
-0.681427 -1.648532
-0.023481 -0.215976
-1.377919 -0.184247
0.970205 0.989597
-0.035686 -0.747641
-0.430603 -1.517582
-1.267605 -0.329321
-1.156063 -1.579738
-0.239517 -0.552474
-0.268222 0.563342
-0.292217 0.500648
-0.328719 1.148412
-1.410198 -1.336933
-0.896230 -1.246922
0.161428 0.311988
-1.420548 -0.150775
0.862302 1.692332
-1.253574 -0.695868
-0.555913 -0.233252
-0.673537 -0.851716
-1.059638 -0.547878
-0.609303 0.545509
-0.185636 -2.168949
-1.287812 -1.437341
0.372003 1.147140
-2.030372 -1.376013
2.027207 1.985307
1.696665 2.814158
-0.540969 -0.797071
-0.626579 -0.089768
-0.423187 -1.121747
-1.384644 -0.631598
-3.163597 -1.820598
-0.597097 -1.067665
-0.589385 -0.148880
0.847849 0.988782
0.316381 1.172120
-0.059523 1.223336
0.949188 0.991463
-0.750320 -0.604455
-0.121607 2.121856
-0.527427 -0.374213
-1.483994 -0.950654
-0.488550 0.342533
-0.043581 -1.324901
-0.361787 0.727435
-1.612668 -2.992678
-0.473396 -0.373512
0.407523 -0.225549
0.313140 1.054024
-0.349280 -0.665800
-0.216523 -0.071814
-0.136726 0.291294
-0.489256 -0.160212
1.603252 2.180864
-0.530307 -2.050611
1.232956 0.935745
1.035066 -0.587618
-0.065538 -1.999147
0.328154 1.433428
-0.012331 0.892767
-2.217220 -0.548828
0.377366 1.096627
-0.036785 -1.482221
1.223627 0.975753
0.662339 0.889981
-0.196472 -1.391510
0.148418 1.032603
-0.896392 -2.512713
-0.433087 -2.455083
-2.433098 -2.817215
1.307483 1.822908
-0.410237 1.206588
-0.141794 -1.402933
-1.952707 -1.891211
0.271636 0.399086
-0.971804 -0.897583
-0.964249 -2.062986
0.911282 0.103768
0.285352 0.169496
-0.823930 -1.131289
0.843692 -0.851395
-0.188070 1.029347
0.019740 0.541523
-0.487869 -0.475189
1.085421 1.379763
-0.445443 -1.071665
-1.516803 -0.998283
0.417377 0.797393
0.730107 1.002858
0.345957 -0.816947
-1.415634 -1.216755
0.091624 -0.427277
-0.492362 -0.720650
0.439189 -1.118611
-0.953704 -0.642125
-0.212290 -0.234280
-0.238647 0.150139
1.557253 2.062308
-0.055779 -0.258284
0.759095 1.042238
-1.700121 -2.833380
-0.528290 -1.991970
-0.135280 -1.186738
0.029726 1.335755
0.381393 1.156340
0.091959 -0.694706
-0.985645 -1.138165
0.653784 1.258003
-0.903502 -0.136805
1.677226 1.980095
1.134427 0.521419
0.215031 -0.181718
-0.608513 0.702695
-0.654121 -1.621860
-0.531136 -2.097301
-0.006553 0.793068
-0.880786 -0.573991
-1.938341 -2.280947
-0.450972 -2.004662
1.336059 1.621273
-0.074172 -0.055656
1.387188 2.430764
1.291691 2.244200
-1.298000 -0.109533
0.096980 -0.842127
-0.303072 1.613763
-0.759171 -0.714559
0.397799 -1.094552
-0.094591 -0.714028
1.082638 0.222249
1.354129 2.957669
-1.394361 0.573619
-0.348526 -0.632485
1.262287 0.040563
-2.737346 -3.568359
0.177703 0.340960
-0.222260 0.791274
0.652666 1.379641
-1.483505 -1.572714
-1.644706 -1.464239
1.547467 1.755329
-0.649585 -1.635584
-0.182827 0.415947
1.027225 1.745946
-0.166487 0.672148
-0.315426 -0.128051
0.830215 0.240136
-0.429120 -0.288574
1.896375 4.298608
-0.284354 -1.690615
0.023481 0.559925
-0.134907 -1.731517
2.280392 1.803120
1.406363 0.894131
0.604832 0.401166
0.745196 0.805444
0.518750 0.799474
-0.978798 -1.095046
-0.265150 -2.580170
-0.058555 1.073176
-0.365640 -1.282659
0.312556 0.743790
-0.916226 -1.191669
0.903826 2.561248
1.401998 -0.422498
-0.372672 0.469632
-1.786750 -2.158222
0.820603 1.640843
1.659133 3.759247
2.105862 2.061700
-2.360498 0.138921
0.207862 -0.115368
0.000177 -0.166183
-0.880866 -1.576732
2.317017 1.322217
0.380400 -0.040477
1.696140 2.086395
1.344455 1.469016
0.561915 1.628161
1.538212 1.845180
0.686254 0.796051
-1.891205 -0.977727
0.984275 -0.586123
-0.824514 -0.900977
0.960373 1.377279
0.272481 -0.852486
0.260405 1.339843
0.764024 2.254063
0.530827 -0.723142
0.230294 0.577594
0.594467 0.753724
0.357104 1.399953
0.296610 -0.026559
-0.773929 -0.151602
0.284646 0.074026
0.594292 0.859096
-0.211847 -1.450034
0.982183 2.358301
-0.391540 -1.573387
0.220063 1.231386
-0.437130 0.271048
1.118992 1.379633
-2.307602 -2.210662
-0.381754 -0.620885
-1.034736 -0.367554
-0.682662 -0.083482
-0.836345 -2.282498
-0.234700 -0.545551
-1.893957 -1.450643
0.562018 0.135799
-0.740599 -0.539262
1.298639 3.055503
0.234658 0.580496
2.294137 1.117921
0.592320 2.018247
-0.103178 0.287323
-0.308957 -0.513994
0.194814 0.042561
0.139740 -0.453730
-1.709834 -1.931254
0.058934 0.729266
0.706292 0.018036
0.777184 1.768717
-1.583971 -1.757470
0.100776 -0.463043
1.359059 0.507258
-0.654671 -0.289032
-0.666522 -0.771166
-0.392105 -0.633174
0.242958 0.803870
0.172069 -0.106955
-1.003029 1.158781
-0.647694 -1.066725
-0.625861 -2.120944
-0.717467 -1.012808
-0.185645 -1.303274
0.628763 0.908472
-0.260390 -0.016096
1.440598 1.515695
-0.855639 -1.831871
-1.488714 -2.327942
-1.059199 -0.307981
-1.495694 -1.740005
1.052536 1.554614
-0.689217 0.726509
0.520615 1.520959
-1.047279 -1.473257
-0.003353 -0.344120
-0.095503 1.408869
-0.276834 -0.857058
-1.002028 -0.252816
0.146174 0.556279
0.276042 0.386864
-0.994872 -1.003774
0.248203 1.545831
-0.371661 0.489865
-0.096571 0.560407
-0.385466 -0.420315
-0.752026 -1.903666
0.124626 -2.131409
0.082126 0.711996
-0.595031 -0.138201
1.976924 2.735554
-0.881899 0.499181
1.131686 3.060228
-0.563916 0.028874
-0.362959 -0.521557
1.042932 1.466551
-1.099425 -0.237939
0.366872 -0.649513
-0.958678 -2.138641
0.795469 1.981822
0.472522 0.042675
-1.636935 -1.008217
0.432728 0.170893
0.985065 -0.584061
-0.503890 0.247659
0.160870 1.598761
0.210443 1.724004
0.586647 2.506294
1.045494 0.449107
0.673840 -0.787733
-0.474089 -0.431474
0.605160 0.316107
-0.220305 -0.815292
0.140299 -0.197346
-0.016176 0.395723
0.645996 2.198206
0.017201 -0.626717
1.189599 1.777412
-0.297402 0.429847
0.077854 1.188467
1.198470 1.318952
0.194528 0.844221
2.008931 3.029571
0.397909 0.153357
0.935051 0.981118
-0.828445 -0.744729
-0.373525 -0.504395
0.733199 3.271382
0.493484 -2.088516
-2.214725 -0.725818
-1.250490 -2.671318
1.356889 -0.641603
-0.745456 -0.310111
1.446225 0.644195
-1.255109 -2.415790
-0.652022 -1.888867
1.054294 2.059769
-0.145115 -0.020411
-2.579313 -4.691977
0.175232 1.422675
-1.460355 -2.296695
0.713345 1.304912
0.724795 -0.465714
1.733461 0.062966
0.141462 0.940822
1.046618 2.184427
0.960036 2.248912
-0.153184 0.388139
0.449616 0.923154
0.466980 -0.599617
0.693933 -1.894434
1.066760 0.874209
1.068301 -0.839702
-0.438376 -0.394872
0.018574 0.702198
0.672431 0.136396
-1.040582 -2.447428
0.292605 0.591017
0.318040 0.726617
-0.138956 1.483635
0.301527 1.162579
1.869651 0.686948
-0.582000 -0.275061
-2.301057 -3.710455
-0.645675 -1.291884
1.037641 0.291820
-1.264300 -1.640375
0.300425 0.594398
-0.921688 -0.560509
0.767481 0.983789
0.500402 1.927200
1.172987 1.385256
0.180192 0.905296
2.685426 4.140136
0.760158 0.596193
0.189823 1.148012
0.640124 1.612491
-0.845028 -1.925054
-2.080930 -2.736213
0.477946 1.316106
-1.072956 -1.227662
-0.491745 -0.000686
-1.406432 -1.797936
-1.500584 -1.788491
0.023807 -1.075577
-0.414029 0.301527
-0.429373 0.084100
-0.508821 -0.958525
1.281635 -0.510556
-0.362918 -0.589058
0.076271 -0.293826
-0.889313 1.082699
0.294848 -0.380091
0.163976 1.576290
-1.121694 -1.315532
0.305865 1.340253
0.458817 0.248752
-0.823961 -1.007278
-0.309499 -1.251169
0.558944 0.490044
-0.480668 -0.568694
-0.708058 0.072725
0.254109 1.311956
-1.530687 -2.198958
0.214695 1.289149
-0.505074 0.315874
0.005240 0.330736
-2.211925 -2.093170
1.205675 0.586859
-0.483582 -0.419791
-1.841925 -1.482535
-0.381476 1.950231
-0.113495 -1.521223
-1.397772 -2.215212
0.415131 0.783909
0.295493 -0.205451
-2.784637 -2.502988
-0.721353 -1.132613
0.210975 0.659503
0.283097 0.036555
1.253319 1.230344
-0.154828 -0.243370
-0.088711 -1.841560
-1.076919 -2.348389
-0.633059 -0.009048
-0.577902 -0.261455
1.525374 1.884023
1.936623 0.290567
0.320719 0.472814
-0.014707 -0.106602
0.544714 1.111050
0.377477 0.192692
-0.560905 0.147075
-0.327371 -0.932179
1.061450 1.236309
-0.835253 -0.435785
0.036065 -1.577191
-0.614443 -2.302898
0.367735 -0.850096
-0.553637 -1.975429
0.811455 1.437997
-1.546778 -1.881168
-1.282740 -2.674395
-0.415542 0.308323
-1.040803 -0.782199
0.642096 0.730749
0.595111 0.524281
-0.222779 -0.719841
-1.646126 -1.917711
1.490031 2.101969
-0.246191 -1.573792
-0.146958 -1.676210
-0.051672 1.025293
0.120133 0.935398
0.899456 0.134312
-0.853621 -2.116997
-0.335233 0.712699
-0.402216 0.048902
0.321121 -0.260064
-1.880569 -0.314746
0.400692 1.180923
-2.058066 -2.710984
-0.428963 -0.831030
0.829588 0.538104
-0.653266 -2.367930
-1.490342 -2.047456
-0.474380 0.655545
-0.573240 -0.436242
-0.321407 -2.011441
0.716226 0.764840
1.433368 2.520172
0.512703 0.940881
-0.863693 -0.426955
1.244387 1.675892
-0.099897 -0.143798
-0.614387 0.117939
0.110035 1.015103
-0.623114 0.991638
1.070487 1.895464
1.534103 1.821127
0.785439 1.464742
-1.038155 -1.980690
-0.404656 0.932715
1.420152 0.555189
-1.025667 -0.812890
0.276495 -1.265805
0.396317 1.236312
-0.550833 -1.630251
-2.072069 -2.814322
0.003932 1.625331
-1.602665 -2.161835
1.708390 1.214687
-0.523550 -0.955839
-2.006259 -1.088387
1.018580 2.347765
-1.147244 -0.944367
0.452021 0.142326
0.283168 -0.508789
1.860573 1.529691
1.182539 2.572594
-0.907764 -1.203047
0.464062 -0.692391
-0.969809 -0.369913
0.596561 0.341407
-1.173645 -1.195156
0.708250 0.503193
-0.118962 -0.091553
-0.929166 -0.940860
0.937926 2.048935
1.070207 2.602134
-0.200491 2.450052
0.989885 1.095948
0.529525 0.088594
1.669045 -0.051682
-0.494327 0.866745
0.606319 1.365496
0.339782 -1.234426
0.732877 1.398116
0.567989 0.302474
-1.407375 0.635741
-0.410215 1.960435
-0.002369 -0.101521
-0.353561 0.177691
0.766598 0.828179
-1.836642 -2.574619
0.891561 1.274326
1.274788 1.735367
-0.531739 1.101416
-1.262657 -1.404577
1.553351 1.665965
0.251089 -0.900041
-0.984475 -2.989463
-0.143098 -1.068471
-0.328183 -0.719099
0.574172 -0.173488
-1.471625 -2.333401
-0.549914 0.420459
1.046794 0.375102
0.106265 -0.490085
-1.450205 -2.228982
-0.501362 1.274720
0.386229 0.896414
0.509047 0.936066
0.022139 -0.535415
-0.520467 0.357364
-0.024443 -0.916437
0.022049 -0.188835
0.191716 0.363516
1.203950 1.884401
2.292131 2.003436
0.514283 -0.756490
0.671779 0.038616
0.813948 1.710607
1.382133 1.173608
-0.776846 1.361803
-0.422316 -0.762148
-0.393346 0.054585
0.282620 0.430143
1.143918 1.276586
0.070828 1.123296
-0.250209 -0.274028
1.140601 1.011781
0.782011 -0.656053
1.152299 0.608809
1.956342 2.613282
0.710054 1.976507
-1.521875 1.196758
0.565250 -1.104525
-0.203481 -0.240333
1.037975 2.734918
-1.680835 -2.501074
-1.162665 -0.380503
2.421386 2.934226
-0.715929 1.030106
1.330244 1.409627
0.744247 -0.197249
0.116556 0.077401
-0.129501 -0.671952
-1.081305 -1.976906
0.045719 1.387577
0.582233 1.015802
1.831698 1.133717
-0.715410 -1.307790
1.578304 1.740764
-0.824390 -0.462585
0.341925 1.606180
-0.035309 -0.487987
-0.542566 -0.890846
-1.826246 -3.098663
-0.886045 -0.632813
-0.053574 -0.361745
-1.433533 -1.602716
-1.049442 -0.196643
0.953439 -0.089663
-0.255763 -0.595067
2.979493 2.858286
-0.871378 -2.666804
0.532875 0.748292
0.874442 1.993144
-1.168242 -1.192745
-0.597087 0.680358
0.965180 1.849068
-1.622105 -3.199627
0.414910 -0.131149
1.046281 0.061438
-1.285204 -0.289878
-0.367702 -0.584188
-0.122526 -0.544807
0.735571 2.125177
0.724668 -0.745040
-0.395224 -2.123043
0.862673 2.158924
-0.891000 0.388223
0.453054 1.090886
-0.127914 -1.797059
-0.130353 -3.202320
0.397980 0.419156
-0.302592 0.460513
1.183033 2.123347
-0.752469 -1.013618
0.630640 0.205815
-0.352687 -2.168432
-0.589688 0.759546
1.274938 0.790194
2.151320 1.567669
1.076367 1.477558
1.420368 3.414577
-1.199590 -1.963730
1.129083 -0.029825
-0.753038 -1.124793
-0.772059 -0.028901
-0.651968 0.083191
-0.202211 0.689912
-0.880828 -2.274575
-0.223930 1.673210
-0.764668 -1.913148
-0.062836 2.870195
2.232383 0.907574
1.626372 2.191426
-0.689908 -0.683804
0.390477 0.589155
-2.542378 -1.940626
-0.376211 -1.391913
0.902751 0.597191
-0.148957 -1.321671
0.684279 -0.934497
-1.394258 -1.263404
0.097105 -1.111859
0.920776 -1.321602
2.319910 1.618097
0.433432 -2.351026
-1.718426 -1.869589
-0.695341 -1.183342
1.119237 -0.747839
-1.022864 -1.765697
0.471635 -1.194892
0.357710 0.081446
0.757993 -1.053941
-0.255798 0.681932
0.315241 1.106895
-0.969512 -1.244444
2.176411 0.891424
1.998346 2.390475
0.437871 1.238292
1.404909 -0.516404
0.041703 0.455321
1.152590 1.242921
2.145907 1.837556
1.880968 1.003464
0.379631 0.272900
-0.339571 0.983410
2.051146 2.345785
0.061768 -0.314576
1.754035 -0.066687
-1.098653 -0.640945
0.756502 2.389691
0.320387 0.263080
-1.454578 -0.680688
0.802029 0.950852
-0.467982 -2.279091
-0.302011 0.684559
-0.430882 -0.609444
-0.918669 -0.754851
-0.484766 0.128310
0.514991 0.421125
1.757137 0.387593
0.584809 0.502514
-1.186354 -1.138142
1.636923 2.264326
-0.542030 -1.481336
-0.409286 -0.330751
1.080960 0.105002
-1.187389 -1.275128
-0.101555 0.019582
0.857476 0.216806
0.176342 0.044300
-0.887240 -1.023519
-0.296561 -0.838557
1.001565 -0.059069
-0.203489 -1.160392
-0.036332 1.296419
-0.300352 -1.805677
-0.632994 -1.477375
1.238836 3.979996
-0.941545 -1.910929
-0.459366 -0.150948
-1.024427 -0.247641
-0.848311 -1.775853
-0.012526 -1.325002
-0.044160 -1.349587
0.733241 2.615832
0.998388 1.930989
-0.698983 -0.827263
1.140581 1.281095
-0.587555 -0.683054
1.009815 1.103151
-1.678072 -0.529754
-0.779777 -0.915003
1.076701 2.456448
1.864599 1.883094
-1.125795 -1.326793
-1.074670 -1.447992
-0.537265 -2.079752
2.275445 2.384949
-2.108771 -2.535218
0.779153 1.385493
0.376616 1.596819
-1.055263 -1.535140
0.484468 0.098596
0.198689 -2.014858
-1.319122 -1.098766
-0.426495 -0.646243
0.971537 1.628345
0.366748 -0.572038
-0.656508 -0.763850
-0.327180 1.250964
0.875023 1.950851
-1.130861 -1.514785
-1.171124 -2.335458
0.464598 -1.241580
-0.600050 -0.971500
-1.141322 -1.549948
2.049934 1.257270
1.971663 4.538464
1.422410 1.883108
0.316049 0.592687
0.039766 -0.028832
-0.406125 -0.147242
0.254846 0.863390
2.528023 3.898898
-1.039325 -1.264176
1.192958 1.000726
-0.425833 -0.182394
-0.389633 -1.676848
-1.140922 -1.224456
-2.199371 -2.479512
0.855006 1.238453
0.656825 -0.028517
1.789651 1.534777
0.194917 -0.136352
-1.107007 0.222766
-0.587163 -1.023985
1.697241 0.739157
1.061511 -0.107655
-0.612347 -0.844603
-0.483873 1.359913
-0.434355 -1.543282
0.791812 1.091963
-0.373559 -1.043320
-0.191832 -0.717417
-1.983076 -2.790851
2.226408 4.201786
-0.986448 -1.107378
0.938849 1.777903
-0.276251 -0.703399
0.346328 0.407350
-0.493131 -0.486270
-0.012313 -1.195938
-0.502758 -0.823413
1.744666 3.759168
1.807178 3.231309
-1.028676 -1.218560
-2.478084 -2.661568
-0.520616 -1.473455
-1.794555 -0.850632
-0.031708 0.123181
-0.987784 -2.221355
0.474117 0.926794
0.479766 -0.714406
-0.073318 0.458487
0.274872 1.091184
-0.562544 0.497935
-0.456642 -1.006783
-0.198800 -0.430384
-0.653501 0.078881
0.901715 1.379460
-1.552958 -1.009962
-0.409290 -0.349215
-0.480465 0.238256
-1.913821 -1.328491
0.383094 -0.321738
-2.057789 -4.170011
-2.593703 -3.928644
1.540853 1.712157
-0.941450 -0.748918
-1.047580 -0.432589
0.744580 1.591525
-0.466154 0.737165
1.570193 1.282079
0.912719 0.110539
0.072441 -0.834067
1.740258 0.475727
0.022983 -0.086241
0.418616 1.091387
-0.443454 0.489315
-0.370954 -0.653551
0.547510 1.131914
0.401209 -1.716136
-0.438175 -0.194657
0.911228 1.876888
0.920172 0.673692
1.159218 0.460290
-0.569577 -1.512549
-0.026229 -0.952010
1.744243 1.675526
-1.092066 -1.226959
-1.605210 -0.360850
0.357707 1.084632
-0.717384 -0.581844
-0.744326 -0.637440
2.174842 1.349242
0.902881 2.200379
-0.670861 -2.281221
0.842367 -0.934287
0.004809 1.624419
-1.079974 -2.169630
-0.514809 -0.162127
0.864696 2.001184
-0.583359 0.415266
0.876997 -1.623890
0.715961 1.642544
-0.062597 2.288921
-0.541947 0.704405
-0.096110 -0.407563
0.048051 -1.351950
1.745726 1.594711
0.234965 -1.309358
1.032658 0.701271
1.068911 1.542832
0.178676 0.425051
2.187736 1.271989
1.657306 2.949407
0.089939 0.805925
-0.062737 0.979832
-1.263028 -2.563566
-0.389506 -1.551727
0.173648 1.361113
-0.335464 -0.954972
0.728821 1.262333
-0.775562 -2.522189
0.368081 1.633713
-0.929544 -0.900912
0.093017 -0.761517
1.065176 -0.138209
-0.244780 -0.793208
-1.458177 -0.823472
-1.071718 -0.472933
-0.138734 0.673668
0.073714 1.552284
-0.430547 -0.267778
1.479163 0.349065
-0.617636 0.777081
0.804166 1.763981
0.459814 -0.906372
0.541841 1.821220
0.491321 -2.198953
-0.586426 0.780984
0.686655 0.254040
-0.322930 -1.333936
-0.679289 -3.010900
-2.379676 -2.449578
-0.490534 -2.025819
1.178304 0.944473
0.307852 2.241233
-1.805207 -4.097609
0.082641 0.954459
0.354473 1.123704
-0.269213 0.534375
-0.568047 -0.284042
-0.844022 -1.568253
2.297419 1.471508
-1.731966 -1.416347
0.413899 -0.789574
0.742054 -0.033526
0.045159 1.198907
-0.192520 0.086084
-0.320535 0.468200
0.594767 0.944823
1.314497 0.982122
0.284132 -2.284645
-2.071263 -1.860470
-0.178971 0.036278
-0.274570 -0.065876
1.035773 1.869969
0.889313 1.840813
2.179415 0.451365
0.476046 0.514175
-0.060209 0.215603
0.825530 1.339355
-1.090529 -2.780786
0.131642 0.289562
-2.007057 -3.152359
0.394876 0.438279
-0.223268 -2.274940
-0.206341 -0.425358
-0.823112 -0.257287
1.760817 2.178546
-1.208524 -1.939740
-1.137938 -0.148283
-0.919336 -1.012858
-0.945526 -0.654672
1.331419 1.702461
-0.367593 0.081347
-0.187871 0.129945
-0.412221 -0.284476
1.717241 0.147825
0.962190 1.021940
0.162335 0.534813
-0.169394 -0.222823
-0.635443 0.184576
-0.483326 0.389373
-0.400130 0.136355
-1.110498 -2.153720
1.161976 2.173269
-1.012751 0.345893
1.254717 2.350707
-0.247088 -1.699568
-0.083811 0.725015
-1.008223 -1.805470
-0.049894 -0.447646
-0.559588 -0.027400
-1.015162 -0.645085
-0.095453 0.367915
-0.224643 -0.681359
0.221047 -0.926382
1.042412 0.552530
0.341662 -1.030039
0.181899 0.529496
-0.568378 0.331458
0.485841 0.458461
0.346767 0.846486
0.020014 0.594432
1.001767 3.186683
-0.738510 -1.972801
2.563687 4.241488
-0.165412 0.347909
-1.560761 -2.527311
-0.161226 0.602436
-0.140969 -1.740944
-0.639215 0.514104
1.642824 1.985480
1.855958 2.645019
0.429266 -0.147413
-1.309332 -1.242766
-0.210365 1.085420
1.812611 2.493636
1.793366 1.533718
0.975389 0.389767
0.746881 1.059438
-0.186710 -1.835785
0.297698 0.925283
0.412122 1.171076
0.027896 0.813050
-1.753752 -0.301849
0.261354 0.739437
0.752827 -0.093114
-0.534794 -1.074636
-0.678925 -0.676728
0.136313 1.398105
-0.584155 1.206424
-1.217292 -2.057900
2.396533 0.938327
0.753987 0.027663
0.681318 1.939685
-1.231545 -1.196534
0.063793 -1.104746
-0.584352 0.821027
-0.493689 -1.592315
1.187011 -0.400681
-1.242412 -2.226141
-0.350463 -1.312723
-0.474600 -0.006934
1.292738 1.224880
-0.348888 1.536533
0.013813 -0.686260
-0.313618 0.090019
1.466542 2.646949
-0.999273 -0.430391
-0.802555 -2.901378
-1.168354 -0.754523
-0.354127 -1.539383
-0.826264 -1.673723
-0.321326 0.366671
0.758135 1.673891
-0.356305 0.238408
-0.528951 -2.112978
0.510225 1.103771
0.709147 0.541148
0.605415 -0.263616
0.780275 1.089161
-1.548420 -2.388929
1.201842 3.229651
-0.031281 -0.460812
0.162212 0.862706
0.648822 -0.755220
-0.209766 0.057362
1.290286 1.483546
-1.803782 -2.007899
-1.139263 -0.839304
1.080612 0.355373
0.669635 -1.329578
0.341619 1.572223
1.826751 2.806487
-0.431531 -0.689151
0.721976 0.336809
1.710638 2.665530
0.983746 0.706834
2.048835 2.930607
-1.824219 -1.278107
0.304090 -1.296369
-0.848224 -0.030067
-1.487491 -1.270542
0.258203 1.784879
2.359809 2.599989
-0.172168 -0.959188
-0.512891 0.328999
-1.079813 -0.959891
-1.225678 -1.851422
1.087782 1.105740
-0.538900 -1.094709
0.015161 -2.677590
-0.334416 1.275488
1.661022 0.988076
0.549597 0.053714
0.261396 0.471731
-0.599555 -0.635943
0.094953 0.930083
-0.381335 -0.583695
-0.645539 -1.370841
1.480830 2.844669
0.985673 -0.568497
1.179324 1.611564
-0.702301 0.047994
0.946120 1.296152
2.269115 3.363627
-0.071015 -0.211751
2.759178 3.068180
0.963717 1.481190
-0.475183 -0.893334
-0.753202 -2.970344
-0.226794 -1.800770
-0.126210 0.146515
-1.127065 -0.139121
0.416622 -0.464484
-2.164931 -3.543069
-0.515028 -1.173986
-0.182651 -0.387610
0.751785 1.073140
1.655572 1.917637
0.850815 0.198360
1.894098 2.122103
1.321794 1.459204
1.642025 1.255670
-0.270315 1.151003
-0.612725 0.510440
0.582714 1.843326
-0.305937 -2.504074
-0.135357 0.568646
-0.006461 0.752005
-0.690207 -0.341758
-0.548792 -1.629330
-1.776655 -2.344438
1.135176 1.029997
0.640988 2.478456
0.737005 1.124072
-0.463138 1.280909
-0.867566 -2.386327
-0.411534 0.190891
-0.857395 0.338886
-0.327845 -0.949189
-1.834984 -0.532187
0.555663 0.680938
-0.566467 -0.820531
0.284755 -1.037037
-0.343511 0.977785
-0.637433 1.223275
-0.204237 0.878396
-0.742766 -1.630323
0.601147 1.360882
-0.327381 -0.126953
1.033419 0.304734
-0.975505 -2.024169
-0.930272 -1.324266
0.271153 0.974631
-2.231620 -1.961511
-0.056593 -2.207775
0.996786 -0.593238
1.589326 1.775632
-0.548131 0.494377
-0.030127 -0.236579
-0.741988 -0.842018
0.776442 1.752972
1.142685 0.891529
0.204702 0.710914
-0.022024 -1.006024
-1.218680 -0.647452
1.328019 1.237156
-0.585291 -0.613605
0.033204 0.491695
-0.724990 -0.997441
0.183601 -0.521429
0.312228 0.465636
-2.046804 -2.679194
1.898191 2.646886
-0.135623 -1.487615
0.013694 0.123826
-0.276994 -0.078844
-0.866380 -0.766793
0.750233 1.655275
0.652388 0.493134
0.924504 1.514817
0.269814 1.072881
-0.807851 -0.732257
1.367870 1.484366
-1.494721 -2.368123
-0.130832 0.765056
-1.038598 -0.881751
0.175032 -0.082197
-1.476179 -1.838912
2.269640 1.742120
1.510950 2.764071
-1.043637 -0.079929
-1.623233 -2.492276
0.142034 0.887893
-1.298519 -1.602825
0.564417 1.185823
0.536717 1.246388
-0.250455 -1.206030
-1.150572 -0.594466
0.614102 -1.017435
1.008434 -0.278698
-0.894347 -1.292256
-0.461151 -1.907225
1.454737 2.020530
-0.744566 -1.529282
0.265244 1.190724
0.057139 -1.016622
-0.700528 -0.723769
0.652880 0.714330
0.835901 1.577091
0.524640 0.551022
-0.534222 -0.982393
0.318365 -0.300871
-0.828647 -1.974284
0.238105 0.623676
-1.047312 -0.798557
0.271699 -0.732183
-0.509234 0.222677
1.259630 -0.457874
0.658240 -0.211614
0.525456 1.193440
-0.548330 0.687879
-0.139229 0.540074
-0.617405 -0.473496
1.734377 1.540319
-0.054297 -0.660300
0.153133 0.302868
-0.213266 1.483309
0.418180 0.373717
-0.737475 -0.182395
-2.493065 -1.373008
-0.693490 -1.155081
-0.590197 0.142282
-0.423578 -1.805198
-0.740329 0.271116
-1.166279 -1.160089
0.702289 1.257756
-0.950346 0.240797
-0.903800 0.571323
-1.559330 -1.355988
-1.296149 -0.637929
-0.551204 -0.019966
1.730868 2.637028
-2.694870 -4.040899
-0.208421 -0.641974
0.645381 -0.299282
-0.806316 -2.346259
-0.047719 2.232478
-1.901023 -3.432703
1.063591 2.033977
-1.499394 -1.873464
-1.438112 -1.859786
-2.533420 -1.374541
1.168275 1.044213
-0.313621 0.356612
1.361215 1.281521
0.707047 2.851989
-2.175321 -1.494466
-0.754942 -0.240467
0.527320 0.968839
0.770903 2.276879
-0.903370 -1.410791
1.450621 1.142467
0.531092 1.011674
0.526082 1.494841
0.284796 0.072680
1.065175 1.851296
-0.758462 -1.399717
-0.829337 -1.532430
-1.383542 -2.369014
-0.691458 -0.616803
2.137322 2.554283
-0.839092 -2.574280
1.007597 -0.868892
1.465002 1.559977
-1.150108 -1.352290
0.120574 0.396515
1.864759 0.431010
0.698854 2.711436
1.660112 0.954611
1.094779 -0.311747
-0.460682 0.578471
-0.692154 -0.974607
-0.297361 0.188597
-0.834192 -0.227075
1.050026 1.814463
1.175092 1.128958
-1.069720 -2.286266
0.240359 2.459251
-0.794261 -1.951513
0.319911 0.313446
-1.519824 0.219571
0.643920 -0.084325
1.369284 2.885298
0.619562 0.039172
0.293986 -1.787928
0.972152 0.019820
0.155388 0.125628
-0.854063 0.611839
0.753772 0.664665
1.517212 1.399511
-0.413767 -2.106681
-2.328484 -1.015277
0.348489 -1.605110
1.052855 1.633713
0.339156 0.694425
0.309212 -0.463715
-0.229625 0.580733
1.285147 1.775524
1.715250 0.201131
0.299085 0.963897
-0.732728 -0.777964
0.092312 0.409065
1.161494 -0.360732
0.643674 -0.524560
0.142229 0.417223
0.302206 0.963715
-1.735725 -0.602089
0.415055 0.932956
-0.647259 0.474151
1.232108 1.275277
-0.025617 -1.656485
0.423079 1.526010
-0.116118 1.215155
-0.225150 1.331462
-0.557356 -0.626958
-0.794208 -1.534842
0.720877 1.624293
-2.408183 -2.921081
-1.650151 -3.896634
0.736060 1.504735
-0.411414 0.421319
0.425285 0.639123
-1.504814 -0.760821
0.107275 0.833325
-0.570709 -0.816725
-1.220996 -0.853995
-1.432142 -1.529751
-1.527215 -0.848745
2.077697 2.591726
1.109148 0.505291
-1.308266 -1.777900
1.018970 0.601890
-0.694947 0.371468
-0.933963 0.069955
-0.324445 -2.485143
-0.233707 -0.945517
0.517240 1.449511
-0.437386 -2.111424
-1.416689 -0.002363
0.205743 0.757234
-1.231272 -2.785811
-0.323317 -0.306163
-0.555077 -0.937312
-0.263646 -0.178734
-0.367353 -0.847095
-0.251093 0.706210
-1.224052 0.135065
-0.747951 -2.521331
0.331980 -0.753042
-0.096633 -2.747979
-0.724646 0.131524
-0.630724 -2.262484
0.570235 0.560871
0.011975 0.914559
-0.871944 -0.391667
0.023264 1.749183
-0.231341 -0.831401
0.227304 0.516961
3.165111 3.066766
0.202685 0.501299
0.132377 0.971856
0.174806 -0.918756
-0.021900 -0.455601
0.222367 0.168983
0.401060 -0.239426
1.156863 1.508504
-0.611867 -1.752596
-0.108785 0.653312
1.485047 1.450811
0.353842 0.711094
1.539114 2.295181
-0.316767 -0.179713
1.280171 -0.384074
-2.074968 -3.539828
-1.432798 -2.736734
-0.596029 -1.347733
0.098221 -0.480006
0.375285 -0.232412
0.253912 -1.963370
1.556487 -0.609225
0.323164 -0.219399
-1.083275 -0.922784
0.035336 -0.630496
-1.230499 -1.504984
-0.134446 0.727952
-0.173169 -0.842831
0.571893 0.807961
0.265190 2.010357
0.797334 0.216555
0.255458 -1.177079
-0.681964 0.169601
-0.311402 -1.069283
-0.810381 1.018080
0.194282 1.891370
-0.668154 -0.951527
0.961298 1.158229
0.451611 -0.040705
-1.034099 -1.967646
-0.662815 -0.993707
-1.176880 -0.823115
0.298973 0.348669
0.880992 0.588519
0.301039 -0.674575
2.075456 2.628342
0.681817 -0.333625
0.596318 -1.395057
-1.980357 -3.984112
0.680957 0.862791
0.265861 0.138817
1.791960 1.328687
-0.681245 0.267137
1.512027 2.629232
0.595358 1.956152
-1.127988 -2.357941
1.286520 1.245834
-2.034006 -0.675254
-1.905889 0.734065
-1.555132 -1.780004
1.414297 0.640466
0.059284 0.273144
0.352341 0.629304
0.010311 -0.077310
0.509507 -0.212269
1.660114 2.166843
0.136947 1.078946
-2.436919 -2.183121
-1.370017 0.379614
0.899718 1.104618
0.565016 0.287715
-0.901689 -1.416461
-1.807791 -3.459641
0.010886 -1.009661
0.300769 1.799129
0.465169 0.419794
-0.451637 -0.296578
0.924049 -0.480320
-0.468739 -1.608153
-1.717836 -1.778361
-0.745078 -0.358793
0.648187 0.896414
-0.738338 -3.585032
-0.433341 -1.324322
0.829737 1.264686
-1.962484 0.068231
-1.203962 -2.727576
-0.549904 0.077918
0.067062 -0.774497
2.105829 1.641118
0.699953 1.250570
-0.303415 -0.085632
1.016296 1.038733
0.198933 0.665331
0.757302 0.081456
-1.365956 -2.038586
-0.617119 -1.554388
0.791071 2.160141
-0.906222 -1.051583
2.982959 3.580150
-0.632182 0.160983
-1.674968 -2.319334
1.204920 1.744628
0.066969 -0.571667
0.474294 1.825614
0.587448 -0.403072
0.100577 -1.453570
0.899888 0.835616
-1.569668 -3.553783
0.948973 -0.393319
0.476132 0.526194
0.150358 1.025146
1.890689 4.345168
-0.009641 -0.157316
1.181269 2.544281
-1.655255 -2.738412
0.226532 -0.238508
1.955379 1.800833
-0.805050 -2.562083
0.502229 1.205318
0.989024 1.442928
0.246286 1.330851
-0.481432 -1.007928
0.016948 0.706158
0.047708 -0.492417
-0.712022 -0.731637
-0.281038 -1.127421
-0.219684 -0.873290
0.135020 0.290844
-0.182440 1.710656
-1.148718 -0.142625
0.239088 0.621574
0.048705 0.114128
0.269363 1.594686
-0.961021 -1.343562
-0.030146 0.921063
-1.522080 -2.161928
0.789409 -0.551913
-1.234172 -0.886016
0.806503 1.259614
-0.622720 -1.111296
-0.744098 -0.830624
1.097716 2.203959
-1.273902 -0.417262
-0.333472 0.128837
1.538626 1.601079
-0.574702 -0.447804
0.086450 0.773954
-0.583761 -1.664327
0.578910 0.019620
1.366568 1.208879
-1.480465 -2.719559
0.118899 -1.106952
-0.546168 -1.635283
-0.983769 -0.883754
-0.930387 -0.542670
0.704214 -0.324589
1.917824 1.899907
0.596575 0.106747
-0.890316 -0.665719
0.080700 -0.959884
1.110665 0.850556
-0.276010 0.800033
0.740231 2.034514
1.605799 -1.058963
-0.010576 -1.665997
-0.560162 0.550972
0.495488 0.816376
0.184276 3.325292
-1.162587 -0.283506
1.132666 -0.104844
0.341999 0.124905
0.139387 -0.680546
0.252954 -0.752900
0.173084 -0.130796
0.794247 1.402382
0.620706 -0.117324
-0.630548 -1.443193
0.029457 -0.225069
0.239883 0.560381
2.296673 2.105770
-0.782565 -0.982479
-0.137232 -1.899799
2.728960 4.079539
0.079816 -0.059943
-0.760991 0.802087
-0.396862 -1.638713
0.341942 -0.033217
-0.667766 -1.047611
1.911191 0.442613
-1.153792 -0.386621
-1.464958 -1.366876
0.904049 -0.227010
1.105473 2.598223
-2.816864 -2.482305
-0.586468 0.476859
1.698975 1.622162
0.946296 -0.598594
0.495691 0.814686
-0.188334 -1.232518
0.545514 1.577239
-0.614872 -0.571933
0.439671 1.910887
-1.284436 -1.804272
0.231038 0.870238
1.155149 -0.614826
1.036548 1.655476
-0.651545 0.355307
-0.974559 0.108784
0.733521 0.963034
-0.060543 0.984691
0.243906 -1.011209
0.089487 0.562025
-0.013554 -0.540163
-0.586504 -2.377662
0.805814 0.206237
-2.235834 -0.732479
-0.038156 2.147599
-0.459868 -0.676132
-0.079244 -0.855143
0.014051 1.278220
-0.876583 -0.666593
-0.404030 1.342729
0.935439 0.849336
1.562778 2.136846
-0.861454 -1.424158
0.311911 0.832562
-0.568534 -1.261282
-0.403723 0.240110
-0.353251 -1.620664
-0.604157 0.529023
0.688907 2.352426
-0.199196 -0.414812
0.544906 0.371471
1.839668 1.347018
0.465685 3.434183
-0.659106 -1.268815
-1.216477 -2.473917
-0.576217 0.583283
0.007440 0.530423
0.027208 -1.183337
-0.272678 -1.267324
-0.590710 0.024260
0.880255 1.128170
-0.848518 -0.699762
1.424157 1.459037
0.915264 0.742893
-0.136100 -0.176627
-0.336399 -0.463538
0.186040 0.371692
1.011846 2.251177
1.053805 1.572795
0.568918 0.776904
-0.596821 -0.175430
0.716888 0.147846
-0.121094 -0.981848
-1.287756 -1.478487
-0.884258 1.152186
-0.465067 -0.339801
-0.154449 0.793686
0.530726 1.728799
-0.170948 -0.117543
0.390175 0.140285
0.268204 0.398510
1.061619 -0.038328
0.435615 -0.878345
-0.154385 0.297958
-0.495580 -0.896887
-1.118547 -0.328627
1.381160 3.014772
-1.264678 -1.973724
3.152220 1.914223
0.275214 1.242568
-1.190616 -0.826467
-1.647823 -2.646562
-0.095739 -0.308597
0.413894 -0.722142
0.164931 -1.355503
-1.598817 -2.126879
-0.315407 -0.073558
0.713090 -0.637070
-0.507348 0.407924
-1.067036 -1.004046
2.336863 3.110156
0.869715 0.279521
0.590943 0.596559
0.754305 0.205240
0.491695 -0.398213
1.535377 0.722120
-0.153068 -0.681707
1.762737 3.032636
0.504502 -0.492780
-2.086354 -3.767641
0.703532 1.402457
-1.059385 -1.308877
0.534912 1.959229
-1.242961 -1.554452
-0.082350 0.257972
0.213046 1.413593
0.877312 1.481803
0.650339 1.234838
-0.657371 -0.349221
-0.408239 0.144053
0.644932 1.613993
0.729458 0.943282
-0.962739 -0.616600
1.930921 2.035170
-1.123062 0.011617
-0.021214 0.037645
-0.244692 -0.054226
-0.302095 -0.648847
-0.390628 0.508038
-1.109467 -1.124713
0.948005 0.475444
-0.207849 -2.763063
0.444604 0.447586
0.950674 0.091339
0.190665 0.225989
0.638288 0.718147
0.002357 0.304223
0.320767 0.671613
-0.614966 -0.048245
1.296746 0.260598
-0.059585 0.629077
-1.941488 -0.597672
-1.428152 -2.081531
0.305893 0.112861
2.035926 2.658572
0.953789 -1.087307
-0.037789 -0.143075
-0.388138 -0.138536
-0.822346 -2.236416
0.305161 0.152358
-1.218764 -0.286774
1.202342 4.225704
-1.164669 -2.476862
-0.504841 0.487412
1.527040 0.646586
-0.394194 -1.449962
-1.815399 -2.756514
0.342977 0.060198
0.637570 -0.124310
-0.349253 -0.907747
1.660716 1.446299
-1.244280 -2.882164
-0.593236 0.859003
0.205830 -0.364199
0.511444 2.599501
-0.900775 -0.969062
-0.827990 -0.074442
-0.966310 -0.916346
0.187122 0.231673
-0.437586 -2.386577
0.448747 -0.637983
0.654288 0.261929
-0.445157 -1.439169
0.078594 -1.372195
1.006142 1.028227
-1.476304 -3.493196
1.353565 1.405767
-0.690223 0.256905
1.526285 0.346155
2.542637 0.691789
-1.367067 -1.830899
-0.610051 -3.084988
-0.097626 0.310037
1.218569 1.849405
0.021089 0.834570
1.189248 3.387038
-0.695506 -1.840370
-0.102750 -0.735470
0.683182 1.399352
0.518689 0.010775
0.294331 1.632394
2.354825 4.005215
1.697926 1.041941
0.609076 0.058384
-0.796548 -2.008665
1.803217 1.096479
-0.745150 -0.576163
-0.007875 -2.065400
-1.195067 -1.084166
-0.684188 0.957164
-0.749949 0.213672
1.013445 2.156385
-0.533879 -1.676455
-0.290835 -0.220633
0.166974 -2.321311
-0.488685 -1.812249
-0.435899 0.077710
1.426354 1.092317
-0.104306 1.851568
0.193073 -0.007676
-1.231302 -2.982212
-2.060358 -1.607813
-0.461531 -1.145334
0.592097 0.374225
0.911338 0.836997
-0.867356 -0.981372
0.612229 0.018888
0.948886 0.023254
-0.160129 0.589573
2.702447 3.428975
-1.796090 -3.189521
-0.171492 0.550060
0.253819 -0.643246
0.571891 0.563549
-2.305329 -1.548639
0.273342 0.127482
0.384209 0.611136
1.640343 1.377100
-0.586399 0.617769
-0.155271 -1.921296
-0.906934 -0.515198
0.083275 0.550464
0.184846 1.340424
-0.204264 -1.456931
2.296060 2.289304
0.098207 -1.227378
1.076139 1.004403
0.007246 1.440356
-0.669388 0.022562
1.010498 1.508067
-1.111442 -1.150700
-0.361336 -0.771052
-0.742497 -2.248430
0.014832 -1.477971
-0.357504 -1.746873
-0.488406 0.773840
0.114081 0.137096
-0.390625 -0.190057
0.227955 0.323152
-0.051806 -1.728093
0.453352 1.309943
1.830677 2.032034
-1.041709 -0.391100
1.733352 0.685711
0.822349 2.475278
-0.774120 2.019125
1.344040 1.504902
2.057975 -1.072237
-0.658178 -1.101470
-1.027134 0.609024
0.926848 2.536775
-0.328289 0.782484
1.140818 0.321437
-0.957928 -0.529395
0.550512 0.679403
-0.161513 -0.050312
0.390176 0.342102
-0.680436 -0.272617
-0.954416 -2.298108
-1.766994 -0.814371
-0.282065 -0.062421
-1.774816 -0.113832
-1.631403 -0.532039
-0.799995 -1.086148
-1.724782 -0.901400
0.406891 1.115616
0.137329 0.506930
1.607601 2.495240
-1.913638 -0.210709
-0.875715 -2.923779
-0.984023 0.136920
-0.366717 -1.144740
-0.096996 1.259590
0.188985 -0.707594
-0.716503 -1.553165
0.922346 1.879721
1.440920 0.385308
0.613276 -0.382973
-0.004447 -1.617228
0.399919 0.787331
-0.001078 -0.028610
0.953431 -0.759306
1.111578 1.030692
0.723011 2.365376
0.139208 -0.952942
0.542497 1.044808
0.633596 -1.039412
0.979530 2.302157
-1.252049 -2.919923
-1.324641 -2.292022
-0.809656 -1.047598
0.498913 -0.199230
0.208800 0.216275
-1.115727 -0.206116
0.076528 -0.611692
0.582573 1.104740
-0.345116 -0.989999
-2.129947 -2.463939
0.485335 0.460198
0.028409 0.963482
0.995131 0.715855
-0.847350 -1.179502
-2.211223 -2.288452
-1.431343 -1.711694
-1.737916 -1.834441
-0.684862 1.133133
-0.418081 -1.059431
-1.266566 -0.809528
2.256604 0.895325
0.470903 2.135034
-1.025567 -0.237675
-1.158173 -0.506421
0.508883 0.779110
0.064310 0.129269
0.294892 0.137893
1.586271 2.553848
-0.917311 -1.195518
-0.842765 -1.915943
0.865845 2.951143
0.199693 0.887188
0.328428 1.442691
1.119784 1.360095
-1.939054 -1.437527
0.005153 1.104297
-0.589185 0.428305
-0.342128 -0.038994
-1.878991 -1.833454
1.237885 1.478525
0.271851 -1.411949
-0.794841 -0.424567
0.425971 -0.615525
-0.414974 -0.008440
0.370682 0.027448
0.079308 -0.715905
-0.008676 1.342416
0.222615 0.734626
0.549614 1.237385
0.191601 1.307908
-0.510376 -0.456102
0.273455 -0.209316
0.306980 -0.733221
0.109532 1.491974
0.551484 1.841849
1.333832 2.257306
-0.312185 0.542678
0.346100 0.445715
-1.772864 -2.191328
-0.111272 0.005105
-0.115289 -0.114153
-1.222937 -1.608138
0.242630 1.327780
1.745414 2.447787
0.446511 1.066277
-0.774996 -2.006154
-0.920011 -0.251128
-0.504069 -0.900470
0.646338 1.457101
0.195636 -0.137518
-0.361607 1.235667
-0.541510 -1.185704
0.117138 -0.754640
-1.186152 -0.566596
-0.501489 0.245214
-0.043984 0.773657
-1.987778 -2.428857
-0.183469 0.075381
1.419563 1.790590
-1.314902 -0.470094
-1.151746 -2.754827
-1.217858 -0.376106
0.730327 -0.176934
0.039441 -0.241230
-0.341009 -1.577985
-0.481441 0.361071
-1.814906 -0.330013
-1.599447 -1.718683
0.233325 2.217823
-1.237857 -1.788960
0.845465 -0.017467
-1.089063 -1.704049
-0.719163 -0.970469
-0.350499 1.413205
0.453673 -0.422176
0.104332 0.272651
0.173244 0.404921
0.460192 0.860600
-1.362251 -1.941029
1.906177 3.374671
-0.846337 -2.381885
-0.246341 -0.382276
1.227468 1.747822
0.819765 1.193736
0.590144 1.455176
1.540059 -0.222077
0.925150 2.783054
-0.131062 2.086387
-0.270881 0.413548
-0.311343 1.242150
-0.583405 0.035750
-1.498752 -0.953781
-0.503803 -0.575511
-0.546570 1.480077
1.510364 2.822327
0.981988 1.481346
1.796542 3.189142
-0.409991 -0.409711
-0.765603 -1.753006
0.529881 0.666319
-2.079398 -1.112207
-0.995263 -1.671148
0.173859 1.711044
-0.760162 -2.724690
1.264020 0.847155
-0.565244 -1.827439
0.910158 1.657451
-1.477027 -0.067268
-1.075730 -2.305604
0.229297 0.093072
2.101514 3.046262
0.226117 -0.267463
0.261844 1.203917
-0.032981 -2.327751
0.643491 2.211138
0.737526 1.596564
-0.320403 -0.192626
-1.794792 -2.734074
-0.391741 -0.282270
-1.210621 -0.869460
0.781292 1.701682
0.651223 -0.514817
0.969822 0.463396
-0.332984 0.141578
-0.028065 -0.450504
1.306805 1.101022
0.266390 -1.905969
-2.261237 -1.324104
0.474917 1.964191
1.058920 2.526653
0.763084 0.829856
1.429722 -0.376790
-0.165032 -0.522149
-1.762378 -1.433170
-0.008931 -0.045033
1.254244 2.159917
-1.075796 -2.208297
0.062189 0.392825
-0.465780 0.630461
0.280943 2.198018
0.006114 0.024235
-2.014634 -0.971280
-0.945549 -0.416037
1.081902 2.508456
-1.346330 -0.791594
-0.424016 -0.191349
-1.259476 -0.183396
0.458528 0.488983
-1.625781 -1.225554
0.124327 1.512795
-0.516151 0.899989
-1.144003 -1.208783
0.004785 -0.064499
-0.196549 -0.508938
-0.987927 -0.690805
2.068689 3.256949
0.923214 1.023387
0.953050 1.035157
1.308534 0.086711
0.075840 -1.620238
0.297663 0.855193
-0.495456 -1.133547
0.565439 -0.757728
-1.351218 -1.066044
1.347747 2.975309
0.099927 1.386141
-1.998636 -1.945261
-1.462652 -0.130992
-0.724216 -0.122359
0.931982 0.748159
-0.688037 -1.225256
0.829836 -0.628645
-0.344246 -1.079573
-0.174625 -0.225841
-0.005613 -0.249769
1.186495 1.187668
-2.156554 -2.467761
1.327156 1.842888
-1.629659 -1.197455
-2.212624 -3.932021
-1.951138 -1.061465
-1.670162 -1.754342
1.209441 1.062506
-0.267074 0.962715
0.031611 -1.045729
-0.531976 -1.895602
-1.631757 -0.674307
-0.923497 0.084850
0.499143 -1.168392
1.173996 1.304235
1.145804 2.543954
0.329461 1.193672
0.895716 1.739378
-1.408292 -2.282364
0.338246 1.100132
1.597411 1.471535
-0.379506 2.199687
-0.471831 -1.191113
0.814511 0.171148
0.517096 -1.460139
0.203131 -0.910029
-0.829575 0.363987
-1.210733 -1.815281
-0.189075 -0.451199
0.388263 0.523948
0.181480 0.550735
0.134090 -0.811936
-0.097729 -1.329337
1.433581 0.795181
-0.735699 -2.178666
-0.346060 -1.685330
-0.030986 -0.923338
-0.049045 -0.931758
0.367540 0.224785
0.088956 -0.269620
0.051300 0.430094
-0.539435 1.095364
-0.224995 -1.049241
-1.161473 0.480830
-0.048372 0.522520
0.994503 0.890362
1.330556 1.109794
-0.058644 -0.594891
0.576623 0.478321
0.420857 -1.593429
0.315654 0.008541
-0.659307 -0.172157
0.520035 1.549582
-0.384905 -0.469901
1.060720 0.886398
0.989124 1.985634
-1.105781 -1.098756
-0.055364 -1.232601
-1.543456 -2.621891
-1.359578 -1.263261
0.798298 0.445444
1.101945 1.329443
-1.559225 -0.631940
-1.081009 -1.354835
0.477005 -0.163570
1.249975 1.545875
-0.009549 -1.226382
1.118779 2.747479
0.481128 0.687468
-0.498060 -0.538691
-1.393323 -2.448933
-0.004944 -0.564109
-0.461857 -0.446061
-0.124412 -0.599324
-0.421820 -2.685633
1.393959 1.433021
-0.623632 -0.691736
-1.099383 -0.684769
-0.576571 0.582637
0.208345 0.106758
1.476096 1.150694
1.335602 1.265031
-0.658443 -0.634469
2.376240 1.541713
0.436885 2.117781
0.387277 -0.991655
-0.251151 -0.128158
1.025488 -0.173262
-0.750458 -1.332388
0.230372 0.264056
1.712526 1.961970
-0.249193 0.400849
0.209182 0.139652
-1.785568 -1.089732
-0.989794 -0.997385
0.722847 0.092049
-1.744406 -0.609315
-1.709437 -0.940075
0.249494 0.073064
-0.485735 -0.347465
-0.754093 -2.098157
1.320544 0.454584
-1.941259 -1.610900
0.182410 0.188270
0.798812 -1.123542
-1.029028 -3.681984
0.644005 0.956469
0.168407 2.052743
-0.443357 -1.117539
0.034850 0.447864
0.462769 -1.401875
-0.385060 -0.225414
1.608735 1.403826
1.362875 0.140389
1.184233 1.611375
-1.156457 0.643537
0.166723 1.018847
-1.066232 -1.164953
-2.091306 -2.353084
-1.753067 -1.907012
0.856416 0.035644
-0.482546 0.833773
1.682543 1.360965
-0.705882 -0.396046
1.168024 0.751136
-1.096044 0.952293
-0.912441 -1.098681
-0.263854 -0.750381
0.093477 0.787165
2.044231 2.506992
-0.467670 0.553541
-1.196640 -2.362280
-1.149261 -1.392642
0.303585 0.908491
-1.362614 -2.108387
1.412977 1.338066
0.992391 1.883166
-1.285435 -0.088569
-0.433845 1.111261
-1.307731 -2.563414
0.733002 -0.521139
-0.803709 -1.538708
1.769561 1.197362
-2.014604 -2.183019
1.414359 -1.003321
0.507887 -0.100400
0.397727 0.702292
-0.219156 -0.831435
-0.382462 -0.551653
-0.477472 -1.599766
1.641415 1.943113
-0.163924 1.548215
-0.052545 0.785498
1.947361 3.713107
-0.556936 -0.774218
0.067531 0.415478
0.666094 -0.017695
0.216515 -0.147461
1.200625 0.386763
0.002800 -0.362308
1.226796 -1.007382
1.106677 0.417483
1.140105 0.455799
-1.473831 -1.018342
-0.373589 -0.984520
-2.236714 -1.706411
0.240349 0.044434
-0.333630 0.170821
0.687963 0.287323
0.981899 1.773675
-0.087003 -0.499897
0.815704 -0.265970
-2.930989 -1.156848
0.057621 -0.398026
-1.194603 -1.794920
0.495797 -1.103038
0.835196 2.256632
-0.262254 0.552755
0.603794 1.549636
2.134165 2.671884
0.228046 -0.002298
-1.122799 -1.106862
0.293475 -1.674546
0.834219 -0.093625
0.584073 1.070709
-0.616350 -0.504919
0.412114 1.179091
0.123277 0.907325
0.875042 -0.345901
0.632127 -0.925285
-2.913370 -3.357815
-0.131599 -0.591275
0.285740 0.519833
1.198880 -0.201708
-0.071640 1.219963
-0.220162 -1.558103
0.465538 0.450071
-0.527248 0.098837
0.426517 0.303247
-1.661961 -2.310698
-0.427493 -0.202017
1.865632 0.861843
0.707723 -0.568172
0.717822 -0.126590
-0.594955 0.692616
-0.630964 1.364634
-0.748963 -2.612209
2.702798 1.331877
0.186236 0.175103
0.640045 0.686794
-0.482584 -0.515269
-1.575076 -0.258342
0.160378 -0.253661
0.229165 -1.476348
1.118046 2.276087
0.425478 1.208565
0.464920 2.279243
-0.128541 0.935816
-0.715977 -2.247930
0.310159 2.439426
-0.203164 -0.005012
0.349849 1.081761
-0.001985 -1.012102
-0.542399 0.801213
0.196743 -0.792054
0.106445 -1.229127
0.037521 2.330458
0.410439 0.943799
1.037620 1.417369
0.390817 2.176897
-0.520692 1.586560
-1.400272 -0.607238
-1.794443 -0.843567
0.513467 -0.106903
-0.602072 -0.096354
-0.311416 -1.442167
1.472195 2.954562
-0.977214 -0.811518
-0.599475 -0.239842
0.260454 -0.010798
1.695643 1.890581
-1.344820 -0.937177
0.042789 -0.488385
-1.317969 -1.909642
-0.512581 -0.928484
0.870482 1.889712
-0.117401 0.396247
-0.860576 -0.396911
-1.230457 -1.281234
-1.804707 -1.135356
-1.314884 -0.751092
1.432140 1.179813
-0.420257 0.569714
1.969921 2.633153
0.360313 0.630947
0.122246 -0.946185
-1.339892 -1.913861
-0.237341 -0.526315
-1.741460 -1.957344
2.267030 2.944539
-0.830237 0.095233
0.542516 1.617601
-0.333559 -0.368070
0.729522 1.588763
1.159351 0.317139
1.105412 0.937767
-0.103052 0.714483
0.423254 1.783076
1.289936 0.375220
0.254061 1.480318
-1.168980 -1.423789
0.794351 1.086921
-0.270781 -1.347013
-0.539048 -1.789183
0.218504 0.460271
0.217594 -1.457268
-1.382194 0.197884
1.471480 1.150751
-0.168322 0.842402
-0.498793 1.421375
-0.590025 -1.111542
0.760095 -0.174144
0.976935 0.952923
-0.432603 -1.463767
-1.041097 -1.682967
-1.994571 -3.426667
-0.271300 -1.483727
-0.812544 -2.448603
0.895798 1.710591
-0.248344 -0.274369
-0.616518 -1.288119
0.809846 -0.878583
-1.094003 -1.846334
1.078266 1.077055
-0.093756 1.117036
-0.254319 0.688662
-1.505640 -0.592086
0.617618 1.111413
1.990069 3.166071
-0.528982 1.158719
0.430616 -0.822572
0.752218 -0.267718
0.676458 -0.566771
0.538754 1.915335
1.617524 2.719224
0.855748 1.350614
-2.338001 -2.292614
0.570091 0.106014
2.319015 3.084727
1.262519 1.610169
-0.376386 -3.013467
-0.027220 -0.074708
2.089382 3.030218
2.383262 1.724096
-1.035418 -1.939825
-0.439321 0.340213
-0.259331 -0.706958
-0.631343 -1.680787
-1.673192 -2.028065
0.040980 -0.540145
-0.061727 -0.468825
1.273278 1.168798
1.368696 1.173360
0.925325 1.865173
-0.546969 -0.436789
-0.905861 -1.652821
0.445977 -1.404119
-1.023040 -0.826371
0.136224 0.777955
-0.986063 -0.268787
-1.739609 -2.135139
0.165539 0.984333
-1.175149 -0.452497
-0.075218 -0.117218
0.625530 1.490755
1.541293 0.114918
-0.108113 0.104829
0.567119 -1.247231
0.684148 2.232356
-0.770460 -1.225863
-0.305692 0.539805
0.404541 0.405985
-0.278192 -0.021505
0.400378 1.523616
-0.278578 0.431505
0.790391 1.975242
-0.918940 -0.735266
-0.715616 -1.308806
0.428528 -2.442644
0.308000 0.624728
-0.006386 0.044735
-0.807218 0.351148
-0.078817 -1.234584
-2.160404 -2.994676
-1.054580 -0.771138
1.300612 -1.379086
-1.228148 -0.528639
-0.974405 -0.201259
-0.835916 -0.064902
-0.237541 -0.856102
1.056522 2.272809
-0.777451 -1.206739
-1.491956 -1.708877
-0.687712 0.468178
1.228060 -0.798125
-0.038006 -0.827336
0.050782 2.479142
1.785269 1.539256
1.507773 1.421082
2.372956 1.834451
-0.267522 -0.306179
1.016126 1.666150
0.933603 0.687616
-2.288741 -2.232452
-1.163600 0.263193
-0.640451 -0.905760
-2.148080 -1.486377
2.112878 2.080007
-0.651657 -1.518284
-0.051912 -0.371666
1.108623 -0.262494
1.277833 1.488157
0.864446 1.535788
-0.452262 -0.718288
0.071916 -1.928645
-0.176706 -1.990796
1.338715 0.426888
-0.605156 -1.671288
0.585157 0.557064
-0.078889 1.428326
-1.194081 -1.192635
-0.675082 -0.997944
0.918986 3.336779
1.172818 1.010177
1.387819 1.439777
0.223918 -0.372193
-0.891298 -1.162574
0.131552 -0.385679
-1.056680 0.539245
-0.984342 -2.985263
0.583904 1.912885
-0.761314 -1.991231
0.936703 2.055291
0.508238 -1.071990
-0.290081 0.355130
1.081025 2.377762
0.511233 1.498020
-2.667289 -3.286737
0.270160 -1.854056
2.955070 3.751388
0.494203 0.042018
1.726292 0.152193
-0.384250 0.558923
-1.142006 -0.495123
0.658623 1.456383
-1.044260 -0.529137
-1.041748 -1.462217
0.835058 -0.339929
0.026964 2.134236
0.080487 -0.667854
1.331127 1.429433
-1.898773 -1.102594
-0.651068 -1.619798
0.174017 1.407803
0.596759 0.499851
-0.281961 0.618754
-0.519269 -0.945743
1.671824 1.201576
0.610147 0.500255
1.485932 1.850325
-0.501406 -0.396492
-0.542463 0.040013
-0.549116 0.941946
-1.349424 -2.685274
0.201448 0.200169
-2.135252 -3.224801
0.465030 1.624163
0.403312 1.165477
-2.165435 -2.144412
0.051660 -1.864807
0.291908 0.194656
-1.180914 -1.321226
0.933188 1.115027
-0.787616 -1.068950
-0.918143 -0.521333
2.597156 2.577249
-1.114527 -1.907890
-1.717297 0.527752
0.178713 -0.245461
-0.554111 -1.311554
-1.332935 -0.796391
0.133584 -1.905182
-1.988203 -1.613294
1.649545 2.052230
1.294007 1.796868
0.792047 0.540722
0.113421 -1.058288
0.888960 2.019373
0.489485 0.436493
-1.392335 -0.420815
0.533128 -0.314298
0.634646 1.574965
-0.478610 -0.558641
0.062805 1.281395
-0.949891 -1.975295
-0.458886 -1.879940
0.271777 1.248098
0.716967 -0.763902
-0.532613 -1.485275
1.599678 0.409578
-0.501207 -1.516173
-0.074252 0.993572
2.139615 3.423381
-0.385627 -2.643743
-0.293213 0.433505
-0.796866 -0.702564
-0.925794 -2.346782
-1.249183 -0.991984
0.291117 -1.338168
1.713856 -0.718616
-1.709744 -1.501464
-0.477611 -1.041511
1.915591 3.747774
0.089406 -0.588515
0.461385 1.709634
-0.930180 0.302394
0.463098 0.477614
-1.960242 -3.647795
-1.026465 -0.417666
-0.424788 1.299550
1.993048 0.701502
1.900077 1.235636
-0.039165 0.240767
-1.596758 -0.463155
0.930205 1.986540
-0.576277 -1.179981
-0.716919 -1.364788
0.496297 0.704049
-1.208244 -1.600957
-0.392525 0.707760
-0.798756 -2.139759
1.529728 -0.356269
2.362810 2.233367
0.407574 -0.944454
-0.316104 -0.189887
0.621216 1.632448
-0.165476 0.584084
-0.562295 -0.291869
-2.649288 -2.745081
-0.373947 -0.849687
0.025552 -0.946713
-0.038303 -0.073892
1.360704 1.589827
0.327811 0.780431
0.900815 1.199321
1.299976 2.217548
0.074397 1.829644
0.405584 0.136644
1.893676 2.076032
0.624614 -0.488704
1.881549 1.441522
-0.326508 -1.291296
0.376126 0.968893
0.155131 0.602093
-1.269885 -2.582805
-1.058856 -2.074915
0.401303 1.451409
1.264423 2.330228
1.654459 1.310349
0.867731 2.447775
0.371308 -0.890010
-0.238274 -1.418765
0.249881 0.778112
0.070412 -0.759188
-0.802329 -2.375520
0.542146 -0.382582
2.290274 1.151337
-0.918628 -0.648987
-0.834278 -1.358673
-0.066911 -0.257686
-0.257070 0.320496
-1.009696 0.743628
1.255775 -1.010752
-1.618439 -2.549221
-0.143370 0.061229
0.751459 2.730781
-0.091603 0.767555
-0.561808 -1.465257
0.262770 0.390734
-0.037283 0.379065
-0.118886 -0.927898
0.392284 0.033901
0.727540 0.805991
-0.897587 1.625073
1.259091 2.310388
2.414598 1.748569
2.165916 3.585946
0.416198 0.378795
0.123112 0.564028
-0.729414 0.052127
-0.549196 -0.343341
-2.140649 -1.774597
-0.025973 -0.311720
1.310876 1.369649
-0.591523 0.300984
0.109876 0.310359
-0.725139 -2.218980
-0.404711 0.029345
-0.263671 0.008212
1.997395 1.688743
-0.785587 -0.375423
-0.655152 0.010733
-0.420136 -2.085744
1.117286 0.700184
-0.034766 -0.746269
-0.253296 -0.400170
-0.490338 -0.358587
2.383619 2.781551
0.304835 0.330234
0.108913 0.424322
-1.559342 -0.824112
-0.503635 -0.788180
-1.369004 -1.643449
-0.876715 0.133848
1.075924 -0.059537
-1.979038 -2.316222
0.385884 0.637780
-1.103636 0.317013
1.058934 1.220297
-1.808537 -1.590055
-1.007205 -0.033301
0.195021 -0.800900
-1.124645 -0.531988
0.993490 0.039119
0.888645 0.795093
-1.336719 -0.744704
0.789739 2.756813
0.431628 0.161959
0.519600 1.660627
-1.757221 -1.262739
-1.017869 -1.084720
-0.027857 0.651249
0.225524 -1.014209
-0.496423 0.213444
0.145116 -0.244321
0.649523 -0.239254
-1.208757 -2.178709
1.110278 -0.069560
0.816239 0.433908
-0.877569 -0.906103
-1.020534 -0.364515
0.282064 1.140291
1.823460 2.031406
0.871594 0.338075
0.536482 0.420649
-1.217281 -2.212950
-0.261184 -0.023147
-1.242368 -1.603838
-1.188118 -1.202136
-0.215904 -1.569170
0.685323 0.883377
0.585668 1.415210
-2.692875 -1.186483
0.166380 -1.011367
0.400776 2.264038
1.272041 0.911135
-0.798315 -0.894396
-1.870711 -0.481447
0.678440 2.332613
-0.067148 0.396173
1.535416 -0.233019
-1.653025 -1.626635
-0.207986 -1.811094
0.528375 1.099250
-1.484383 -0.712189
2.168299 2.972248
0.385025 1.370006
-1.391655 -1.536014
-0.924753 -1.915144
-0.468379 0.485308
0.868836 1.321522
0.932229 2.342295
1.003748 -0.067374
-1.143417 -2.179282
0.566969 0.129842
-0.101354 1.670888
1.229331 -0.420568
0.598586 -0.231473
-1.108084 -1.884848
-0.239899 0.258732
-0.962011 -2.543638
0.142119 2.144495
0.150202 0.015153
2.015842 3.364728
0.707717 1.528470
0.186712 0.085559
0.639122 1.271774
1.360583 0.387659
0.186720 0.170337
0.280847 0.296583
-1.695146 -1.972570
2.924580 1.438555
2.325305 0.871215
-0.253855 1.036239
-1.827040 -2.748514
-1.065805 -2.251707
-0.814068 -1.767089
1.547212 1.569303
-0.619889 -1.303779
-0.997030 0.312432
-1.979785 -2.650937
-0.848519 -0.431806
0.769886 0.119204
0.583567 0.659630
-0.335289 1.547955
-0.132729 0.305205
-0.641580 -1.353847
-1.126139 -0.036390
0.500922 1.637655
0.569930 1.153550
0.323329 0.634436
-1.974579 0.042593
-1.820202 -0.985769
-0.419370 1.238927
0.416034 0.333362
0.849816 3.019975
0.036846 -0.699176
0.376533 -0.694594
-0.004410 1.327889
0.044901 1.031687
-0.040796 -0.516552
-1.017837 -0.274533
0.765721 1.635455
-0.980855 -1.685952
0.283371 -0.931567
0.106498 -0.793060
0.947677 0.913254
-0.640817 -1.468807
-0.328013 -1.202755
0.960788 0.973774
-0.448476 -0.612608
-1.059534 0.576242
0.817754 -0.259487
2.049451 2.079255
-0.160256 -1.083990
0.088158 0.791715
1.168809 0.366448
0.270311 0.823530
0.128188 0.813427
-0.894889 0.694492
0.180594 -1.174328
0.956446 0.697041
0.002421 0.184579
-0.494588 1.168074
-2.627266 -3.579474
-1.043738 -2.042579
0.136182 -0.843608
-0.782010 -1.417752
1.340227 1.390916
-1.329594 -2.280042
0.948551 1.351452
-0.314727 0.579869
-1.455810 -2.944713
0.507075 -1.034457
-1.369139 -1.153553
-1.243207 -1.373144
-0.020456 -0.452635
-1.301503 -2.776881
-0.389457 0.209888
-0.710106 1.854109
1.179849 1.926481
0.077008 0.304426
-0.018718 1.101391
-0.308189 -0.063847
-0.285445 -1.323655
-0.311845 -0.906078
-0.121417 -1.710726
-0.586301 0.218205
1.583458 2.427608
0.118908 1.428309
-0.436183 -2.667479
0.135091 -0.324220
-1.214102 -2.436724
-0.019641 -0.791649
1.673396 -1.559542
1.644589 2.009641
0.368411 -1.430461
0.336317 1.771608
2.131822 0.573358
0.834796 1.032747
1.957343 1.015997
-0.875310 -0.498838
# p-value: 0.000000e+00
