0.000000 0.000000
0.261192 0.129706
0.517010 0.799818
0.035308 -0.438669
0.345447 -1.173427
-0.635693 0.356225
-0.960909 -2.108380
0.400165 1.210023
0.202392 1.694966
0.727966 -0.227447
-0.402470 -2.003162
-0.217714 -2.238435
1.688913 0.688157
-0.895167 -1.883431
-0.366557 0.159373
1.960259 2.131271
-2.068695 0.455366
0.461157 -0.009594
0.138531 -0.144539
-1.367518 -0.633844
0.065412 1.670354
0.998621 0.980435
-1.374506 0.181791
0.013235 -0.642442
1.092609 -0.480487
1.152101 -1.044984
1.481603 -1.408845
0.534699 -1.097288
-1.088524 -0.616552
-0.535470 0.297800
-1.975389 0.239734
-0.068207 0.321515
0.444965 0.784723
0.357143 0.709037
-1.395791 0.554242
-0.470478 -1.013253
-0.619699 -1.025517
-1.182433 1.134228
-0.288923 1.281354
0.561796 -0.704204
0.403395 0.476125
-1.814328 0.733841
-1.408517 2.052623
-0.503548 -0.213459
0.013392 0.520991
0.029699 0.011126
0.940335 -0.939852
0.051169 -0.227342
0.622820 -1.639977
-0.656332 0.498310
-1.210656 -0.165193
-0.769635 0.164353
1.061830 0.367296
-1.078802 -0.147042
-2.599187 0.111787
-0.821581 0.761536
-0.441724 0.304485
-0.069381 0.178025
-1.416430 0.459946
-0.355648 -0.427382
-2.160214 0.334006
-0.327438 0.896884
0.702158 -1.956916
0.271460 -0.531262
0.222203 1.121569
-1.321380 0.359358
-0.099786 -0.626932
1.995850 -0.772711
1.546753 -1.823151
-1.220420 1.960557
-0.185838 -0.888591
-0.281895 1.530483
-1.709484 0.020852
-0.346622 0.265282
0.076767 0.614808
0.998284 -0.299370
0.476523 -0.850473
0.371593 -0.399949
0.111134 0.836882
0.170690 0.718742
-0.112482 -0.697845
-0.786043 0.864090
0.624668 1.607087
-0.149460 -0.482574
0.245202 -0.881318
-0.679091 -1.145815
-0.345610 0.159807
-0.519828 -0.872923
-0.407989 0.507795
0.601010 0.163592
0.416973 0.268626
-2.849128 -1.306510
-1.424339 -1.145302
-0.891132 -0.069833
-1.832156 -0.334480
1.135843 -0.925012
0.698879 -1.181802
-1.816142 0.275559
0.222167 0.769356
-0.119869 -1.350343
1.279659 0.593413
0.237634 -0.772255
-1.433800 -0.064619
-0.698067 -0.761838
-1.099638 0.846747
0.591362 -0.225276
0.012528 0.216915
-0.142806 2.455618
-0.412039 -0.537493
-0.856377 -2.180259
0.469587 -1.167315
1.024170 -0.381901
0.654169 0.142778
0.309676 0.080422
-0.666789 1.124576
-0.854194 -0.587133
-0.485907 -0.801921
0.210557 0.975012
0.446330 0.687881
-0.486496 0.968855
-1.392301 -1.773505
0.183489 1.978635
-1.262413 0.852940
0.192937 0.490397
0.102493 -0.125745
0.189288 1.994786
-1.483960 1.720324
-1.217853 -0.828649
0.219797 0.332433
-0.013462 -0.079584
-1.454528 -1.001661
-1.198891 0.376168
1.610476 -0.033546
0.586452 0.495457
0.232304 -1.124839
-0.012209 -0.460998
0.124743 1.973288
-0.412779 1.810176
-0.084839 0.179178
0.085291 0.350772
0.640577 -0.108341
-0.878530 -0.643518
0.046149 -0.570573
-0.309546 -1.414875
0.579921 -0.739120
-1.579895 -0.253266
0.530700 0.670321
-2.194893 -0.125444
-0.601661 -0.429418
0.156992 0.945720
0.505256 1.878586
0.152320 -0.303831
-0.012171 -1.143101
-1.754925 -2.190356
-2.208114 0.005778
-0.285345 1.555891
0.242522 -0.021832
0.093332 0.168076
0.381545 0.436347
-0.635957 1.556002
-0.288624 -0.438717
-0.298385 -0.415184
0.368904 -0.013974
-0.328613 0.977550
0.099553 0.928676
-2.685506 0.208952
1.117274 -1.646918
0.460594 1.958506
0.316807 -0.605996
-1.138584 -2.660751
0.259912 -1.284416
-1.114341 0.077988
0.421337 -0.736063
0.345116 0.297218
1.402306 0.655061
-2.099301 -0.253435
0.657875 0.535812
0.662244 -1.742730
-0.187169 1.322389
-0.708738 0.945922
1.602382 -0.113781
1.098739 -0.082706
0.269915 2.527742
-1.372319 1.938618
-0.060059 -0.449876
-0.403723 0.118399
1.141265 1.661705
0.077735 2.058887
0.114924 -0.661903
-0.579520 1.315714
-0.196145 -0.410797
-1.002754 -0.641360
-2.105366 -0.188944
-1.423861 0.556914
-0.738914 0.062898
-0.450100 -1.650978
0.586880 -0.983601
-0.065270 -0.385445
-1.190326 0.011952
0.031213 0.529211
1.009100 1.367238
1.378749 2.195536
-0.301100 0.394658
1.621533 0.324871
1.324872 0.076729
1.262049 -1.650307
-0.150593 0.306016
-0.796339 0.755207
0.050132 -0.721676
-1.038839 0.783962
-0.336190 0.616206
0.152788 -0.235456
0.204139 0.262621
-0.543593 -1.101646
0.130329 0.475611
-1.164137 -0.186261
0.961221 -0.662875
0.198768 -0.178606
-0.068853 -2.222532
-0.919403 1.764185
0.170361 -0.043697
-0.723357 -0.154725
-0.456009 0.079226
0.311861 -0.681119
-0.121892 -1.332725
-1.683808 -0.303830
-1.800959 -0.107419
-1.080164 0.494380
-0.160394 -0.310579
-0.628668 -1.887359
1.320296 1.336026
0.015545 1.573755
0.245689 -0.065299
1.418284 -0.463160
1.055247 -0.155571
0.385025 0.342343
0.237067 -0.406859
1.849923 -0.117814
0.049350 0.564514
0.564458 -0.426116
0.804955 -1.490781
-0.254310 -1.502151
0.702302 0.554406
-0.969586 -0.032513
-1.607575 -0.183065
-0.215477 -0.579060
-1.105822 1.044409
1.058634 -0.716912
-0.290940 1.203990
-2.265140 0.038644
1.306130 -0.785415
-0.913082 -0.247278
0.885385 -1.178472
0.090937 -0.139297
1.456752 0.283152
-0.290415 -0.318876
0.192660 0.040224
0.481908 -0.478797
0.972195 -0.275496
-1.176449 0.319075
-0.995553 -0.144506
-1.140049 -1.044125
-0.509641 -0.053476
0.106804 0.598446
0.613807 0.333441
-0.109312 -0.600758
-0.504112 0.704558
0.516695 0.951835
-0.119380 -0.529538
-1.201388 0.784714
2.229679 -1.423117
-0.931565 -0.221370
0.215843 0.216460
-0.167759 0.754615
-1.762816 -0.725631
-1.424759 0.551429
-0.608726 -1.056736
0.375101 -1.470651
1.665865 -0.277634
0.351613 0.799174
0.097028 -0.558458
-0.251696 0.696008
0.893810 -0.061566
-0.436588 0.430467
0.269247 -1.978627
-0.691875 0.099677
0.449238 0.122166
0.626554 0.364335
-0.739192 0.263474
0.478627 -0.024846
2.008496 0.446300
-1.051364 -1.040360
1.460887 -1.005636
1.410951 -0.004556
-0.253525 0.094884
0.384661 -0.943773
-1.641507 0.359792
-1.118015 -0.243277
0.174390 0.975016
-0.606820 0.844155
-1.188650 0.694575
-1.045414 -1.320333
1.110199 -1.649352
-0.374204 -0.634523
0.028257 -0.470752
-1.851349 -0.548904
-0.440354 -0.164839
0.115028 -0.232553
1.603294 -0.255301
0.832332 -0.354106
-0.439094 -0.547720
0.564825 1.188913
0.968017 0.606842
-0.695327 -0.457969
1.862290 2.817055
0.045780 0.322362
0.901826 2.146808
-0.545021 -1.481437
-0.076085 1.027994
-1.055852 -0.344797
-0.332787 -1.487693
-0.344285 -1.263972
0.977834 -0.938731
2.134931 0.059578
-0.440220 -0.932522
-0.719991 0.408375
0.787458 -0.059186
0.469491 1.067393
0.478952 0.051350
-1.327878 -0.398698
-0.731216 0.253908
0.294650 -0.433060
1.542692 0.961894
-1.008287 -0.392233
-0.064741 -0.234235
-0.616755 1.019020
-0.810863 0.705617
-1.635482 -0.953423
-1.037249 1.743054
0.313625 0.478984
1.099854 1.018344
1.949680 -0.851071
-0.187310 -0.333617
-0.650046 -0.241981
-0.805788 0.290092
-2.052615 -0.079363
-0.971852 0.881802
-1.538502 -1.169509
-0.318254 -0.323095
-0.765987 1.634776
0.652054 0.867173
-1.926921 1.415494
-0.453048 0.294573
-0.494400 -1.433332
2.300760 -1.644639
1.620369 0.417154
-0.830543 0.638489
0.207946 -0.006416
-0.885439 -0.857997
-1.239989 -1.198177
1.148167 1.343726
-2.066438 0.306599
0.250551 -1.957154
1.681816 -0.382644
0.786528 0.266865
0.123293 -0.830425
0.488838 -0.717446
0.675535 -1.152898
0.584154 1.923073
-0.298402 0.023567
0.065039 -1.066587
-0.319413 1.192532
-0.249823 1.075656
0.226411 -0.959950
0.236679 -0.135148
-0.673845 1.897306
1.555025 0.091479
-0.507444 0.430158
1.348650 0.748434
1.810887 0.761127
-0.174983 0.310044
0.803427 0.312508
-0.007481 0.826770
-0.614195 0.440296
0.277061 -1.019044
-0.003191 -1.574527
0.711964 -0.456296
-0.118663 0.063289
-0.667612 0.683763
-0.504194 -0.620784
1.666456 0.337499
0.468965 -0.460909
1.392583 0.434177
0.405138 -0.977999
-0.252350 0.237145
1.389915 -0.511830
-0.211139 0.434401
1.269128 -2.000263
-0.657744 -0.217777
0.788016 -0.218138
-0.419421 -1.352739
-1.330196 -0.022534
-0.101382 0.364146
0.794116 1.402716
1.639206 2.064608
0.160411 -0.405339
-0.948938 -0.236948
2.278575 -0.596999
2.124065 1.087495
0.155679 -0.183411
-2.350369 -0.536406
0.951966 -0.575541
-0.960820 -1.604285
-2.012606 -0.603535
-1.429533 1.732005
1.100700 -0.885790
-0.361240 0.098074
0.374490 -1.351287
1.604300 -0.443308
-0.241480 -1.375433
-1.693527 -0.575034
0.705328 0.214120
-0.457087 -1.231497
-0.191198 2.141001
0.621593 -0.875358
0.020091 -0.144388
0.382778 1.196728
-1.126220 -0.144666
0.571820 -0.457714
1.155526 2.280498
0.508372 0.263552
1.412656 0.528796
0.829104 1.441356
2.426745 -1.107924
-0.157462 -1.560064
-1.068418 1.848073
-0.532899 -0.179995
-1.879158 -0.026260
-2.753663 1.516659
-1.508040 -0.862257
1.479130 0.012567
-0.271326 -0.474879
0.872598 0.439501
-2.231787 -3.120908
-0.085574 1.678725
0.812135 1.122240
-0.318984 0.293256
-0.484477 -1.180448
-0.247976 -0.670655
-0.931121 -1.587097
1.571587 -0.437337
0.368743 -2.208022
0.505794 0.295736
-1.438351 0.763098
0.773532 2.598611
-0.398164 -0.054711
-0.580020 1.100546
0.384651 0.030237
2.132294 -0.835481
-0.002791 1.615782
0.076232 -0.763811
-0.037884 -0.519862
-2.863597 2.159348
0.409035 -0.760196
1.188935 -0.632567
0.208064 -1.086414
-0.646946 -1.907706
0.482998 1.335868
1.092698 0.270764
0.595273 0.934557
-1.212328 1.056903
-0.621720 0.055965
0.661237 -0.494474
0.087098 2.561351
0.755899 -0.072305
1.103753 1.723722
1.928056 -0.935619
-1.783322 -0.306885
1.140236 -0.078222
-0.027393 -1.143495
-1.929279 -1.603640
-0.241560 -0.287325
1.035317 0.241691
0.077302 -0.181024
-0.983638 -1.935839
0.927568 -0.053943
-0.523613 0.664892
-0.233174 0.160657
-0.337122 -0.054370
0.160941 0.103607
0.341651 -0.296171
-1.125601 -0.609056
-0.097120 -0.866624
-1.789246 0.473272
-0.249802 -1.909504
0.727696 -1.058136
-0.857726 1.494578
0.845555 1.216945
1.131725 -1.508459
0.187243 0.030985
1.593673 0.119642
0.067018 1.434206
1.526683 2.207981
-0.099507 -0.340960
1.367302 0.575340
1.087072 0.510734
1.338756 3.325852
-1.425178 -1.974353
-0.560305 1.131436
0.376949 -0.193389
0.437702 0.018385
-1.787391 -0.975056
1.499689 0.138105
-0.665286 -1.668163
-0.783130 -1.057706
-0.681404 1.029631
-0.938057 -1.922573
0.255347 1.861346
1.080414 -0.232247
1.268850 0.286034
0.385882 0.116085
-0.779344 -1.514134
-1.855603 0.606191
-0.831502 -1.306130
0.707984 -0.508581
-1.430371 0.835978
0.041548 -0.156151
0.516003 -0.699373
-0.622896 -0.216946
-0.885432 0.598356
0.288787 -0.211247
-0.344714 -2.208118
-0.395917 -3.064960
-1.991273 0.113579
1.158871 0.246466
0.159518 1.115111
0.035242 0.065778
-0.076702 -1.275767
-0.605316 -0.992067
-0.348938 0.414951
-0.184648 0.323828
0.147444 1.609202
-2.011079 -0.670958
-1.041350 0.580784
2.055289 0.431432
-1.243070 -0.182590
-1.121456 0.544275
0.205558 -1.139044
0.198050 -0.086509
0.961920 -1.228187
-0.890739 0.282531
1.206564 0.076322
0.508175 0.466881
-1.234020 0.010066
-1.624093 0.381456
1.431302 -0.743391
0.913071 -0.117320
0.219835 -2.075376
0.392862 -0.826642
0.524279 -1.904664
1.065652 0.174816
2.208511 0.503413
-0.769774 1.969200
-0.557295 1.159473
2.307279 0.245416
0.387823 -1.457448
-0.921486 0.863864
1.671659 -0.346650
0.032597 0.120153
0.089630 -0.230038
-0.939846 -0.744609
0.852586 -0.016943
0.146168 2.417244
0.225464 -0.671860
1.404529 -0.755243
1.929830 1.988196
-0.567076 0.050442
-0.849506 1.248236
0.427037 -1.279823
0.555634 -1.066370
-0.266547 0.282599
-0.570928 -0.311694
0.783347 1.153956
0.059489 1.410304
-0.802231 0.548535
1.834807 1.007398
0.110869 0.731190
-1.048978 0.774983
-0.336276 0.919430
-1.371879 0.686439
-0.801916 1.316994
-0.208894 -0.179898
-0.116071 -0.929521
-1.365218 2.261402
0.360272 -1.027391
0.113397 0.914568
-0.076372 -0.774800
0.200596 -0.722835
0.153359 -0.504794
-0.479024 0.026561
0.490087 0.718635
-1.063968 1.137820
-0.794544 0.877671
0.869098 -0.442464
-0.360836 -0.393457
0.433407 -0.091069
0.080004 1.019227
0.738358 -0.875208
0.837608 0.063519
-0.760656 0.681118
-0.662117 0.990709
-0.608781 -0.540453
-1.055020 1.763164
-0.764527 -0.439533
-1.165448 0.570766
-1.304739 -0.626121
-1.733197 -0.771504
0.132208 0.252734
-0.014971 0.046382
0.136780 -0.749822
-0.504271 -0.509925
-1.237542 0.046831
-0.889278 -1.369971
0.339726 -1.427698
0.866455 1.914707
0.389763 -1.498532
-1.556845 -0.978614
-0.174519 2.068923
1.209352 -0.034152
-0.057073 0.376831
1.226817 0.739330
-0.584111 0.027643
-0.495692 0.233606
-0.369669 0.300152
0.986353 0.789590
1.153026 1.095503
1.272455 0.393694
-2.197630 1.999313
0.324415 -0.583745
-1.923520 0.168117
2.139576 -0.815325
1.496058 2.462261
0.654342 -0.546809
-0.559559 -0.299659
-0.479542 -1.455458
0.101027 -0.900558
-0.942973 0.308094
1.160619 0.863567
-1.020846 -0.519043
0.977198 -0.100987
1.244378 0.441734
0.085777 2.030053
-1.101800 -1.119041
-0.949762 0.413213
1.251678 2.099745
-0.431362 -0.356898
0.279789 0.630988
0.191203 0.952762
-0.624753 0.967131
-0.659932 0.600062
0.254764 0.287104
-0.010746 0.250688
1.460745 -0.448025
0.311940 0.036544
0.582328 0.282126
0.522451 -1.461868
0.187072 1.379935
1.052483 -1.257368
-0.373381 0.309153
2.900378 1.116389
-0.738980 0.666639
-0.155298 -1.814614
0.432357 -0.228579
-0.684254 -0.107776
-0.701092 0.598936
0.680937 0.391603
-0.663486 -1.684123
-0.029542 -0.871347
0.527608 -1.280510
-0.563644 1.292269
0.121736 -0.965269
0.586561 0.586981
0.737160 -0.168351
2.028851 0.345498
0.113019 0.479674
2.146739 0.078376
-0.832582 2.026518
0.098445 1.060879
-0.128390 0.275256
-0.539123 -1.081125
0.143272 -0.060507
0.587706 2.183995
-0.846487 0.438038
1.011075 -0.999974
-0.580029 0.171570
-1.285974 0.457554
-0.833347 -1.672301
-0.416371 0.704724
-0.341507 -0.087384
0.875789 1.530081
0.898470 0.470024
0.333284 0.598533
0.286998 -0.636171
0.858695 0.930842
-0.245458 0.944666
-0.484988 0.347077
-1.388173 -0.115101
0.424106 -0.958468
-1.087751 0.057591
-0.347374 -0.176815
1.044786 -1.608934
0.811255 -0.476442
-0.565719 -1.106649
-0.291543 0.520941
-0.268302 -0.390944
-0.094739 -1.258994
-2.012454 -0.561319
0.832149 -0.349827
-1.450721 1.062036
-0.520200 0.122663
0.202922 0.769994
0.595219 0.449813
2.289107 -0.962843
-0.292755 1.812049
-1.029361 -0.285147
1.240266 -0.057501
0.371242 1.294584
0.516950 1.747672
0.983522 0.571690
1.275721 0.795555
0.376230 0.802644
0.779098 0.011315
0.930255 -0.314938
-1.041985 -0.819879
0.080088 -0.033957
-0.728169 -0.846943
0.754625 2.161207
-0.300557 0.495237
0.830916 0.126000
1.592943 -0.956708
-1.854877 -1.060728
-0.061953 0.823696
-0.638681 -1.320723
-0.991431 0.476009
-2.474012 -0.903197
1.361748 -0.805741
-0.375841 -1.045999
-1.480700 0.707585
0.429296 -1.222898
-0.509610 0.639530
0.572261 0.319465
-0.408563 2.263260
-1.741096 -0.038235
-0.420623 -2.025067
0.129979 -0.265405
0.475538 0.127324
0.402850 -1.401682
-0.769077 -0.316918
-0.744421 1.367673
-0.038964 1.192964
0.330263 -0.769218
1.071469 -0.909205
-0.651633 2.616110
0.637851 2.685441
1.488266 -0.808150
-0.566299 2.769334
0.489026 -1.196471
0.562959 0.304358
-0.474999 0.060441
0.236293 -3.124677
0.832211 -0.897266
0.742239 -1.116838
1.008752 -1.777850
2.150740 -0.110764
1.658964 1.252761
-1.533623 -0.566119
-0.242546 -2.434324
1.201536 -0.162875
0.629164 0.860977
-1.796143 1.063723
-0.141456 -2.979428
0.731297 -0.110571
-0.226129 -0.247336
0.468264 0.556201
-0.849284 -0.972069
0.951096 1.641163
1.359358 -0.203088
-0.422444 -0.526156
1.481933 0.736845
-0.002398 -0.975234
0.414231 0.641104
-0.394554 0.913185
-0.015680 0.392499
-1.827977 2.350370
-1.947524 0.974931
0.285459 1.772679
-1.540216 1.208035
0.472926 1.087016
1.733649 -0.870197
-0.702699 1.917717
-0.145355 0.543108
1.083557 0.099505
1.117127 0.343137
1.649400 0.372518
-0.326808 0.511270
1.166003 1.164181
0.095491 0.083199
-0.273051 1.815008
-0.778532 -1.047923
-1.286633 1.311806
1.267120 -1.376705
0.418216 -0.633580
1.493444 -0.500954
1.285355 0.086933
0.230381 -0.053918
0.421537 0.032027
-0.163798 0.354996
-1.318872 0.703684
-0.688439 0.400319
-0.675213 0.498413
-0.210384 -0.122888
0.312549 -1.054678
-0.201553 -0.503176
0.316674 -0.567254
-0.818951 -0.599281
-0.005685 -0.533012
-0.066381 -1.964801
-1.190929 0.103831
-1.183466 0.808963
0.170532 0.362084
1.719202 0.675895
1.325635 1.000608
-0.477344 0.093540
2.163248 1.847880
0.333687 1.564526
-0.105154 1.054956
1.163535 0.245479
0.971618 -0.406772
-0.069214 2.153455
-0.930849 -2.052301
-0.630786 -1.055051
-1.038264 0.655473
-0.711838 -0.164805
1.028402 0.075818
1.185101 -1.081516
1.017469 -1.159993
-1.829338 1.598054
0.438643 0.751874
0.508634 -1.735772
-1.062687 0.509788
-0.340470 1.891625
0.675331 0.341794
-0.833374 2.166029
-1.347942 -1.514033
0.307369 -1.521300
-0.156385 -0.580038
-0.401853 -0.072903
-1.341044 -0.396297
0.427244 -0.271484
-1.182281 -1.965027
-0.462939 -0.092617
-0.716152 -0.316413
1.269578 -0.575883
1.172439 -1.532327
-0.300050 -0.474043
-0.272943 1.625915
1.316051 0.431681
0.165558 -0.687364
1.556762 0.025891
0.885174 0.734575
-0.625799 -1.625843
-0.120905 -0.098216
-0.362085 -0.425763
-0.561254 1.208488
-1.008034 0.210263
-0.203768 0.078973
-0.548116 -0.815663
-1.264559 -0.470057
0.977619 0.973377
-0.662617 -2.250714
0.306380 -0.507244
-1.279372 -0.013016
1.153190 0.387342
1.022974 -0.932749
0.274701 1.624842
-0.043994 1.079670
0.676211 0.581745
0.371914 -1.767614
-1.032366 -1.393679
0.105255 -0.527709
0.172946 -1.273511
-0.701239 -0.417678
-1.637606 -0.555598
-0.667025 0.644095
-2.195530 -1.424940
0.351331 -0.101263
0.769517 2.197651
0.515552 1.664202
-0.466910 0.657859
0.579288 2.411264
-0.166829 -0.124847
1.662428 -0.262155
0.995852 0.241911
0.448251 -0.126607
0.220047 1.455250
-1.064204 0.280637
1.205170 1.692519
-0.649676 -1.674115
-1.253556 -0.525172
0.891239 -0.648220
-1.566270 -0.928954
1.120932 -1.412702
-1.246765 0.072913
-0.406626 0.070311
-0.820235 -0.325198
0.150176 2.590578
-0.161508 1.369899
0.516945 -0.953750
0.587279 -0.553794
1.695726 0.559831
-1.013196 -2.215921
0.951003 1.004215
0.401849 -1.870876
1.761512 -0.756976
0.734822 -1.051012
-1.361354 0.552733
-1.641785 -0.575213
1.075352 -0.144492
-0.211867 -1.035877
1.078317 0.619169
0.978227 -0.783164
0.823544 1.031261
-0.436397 1.791932
-0.251026 -0.001120
1.170999 -0.504162
0.677408 -1.863307
1.655915 -0.551960
-0.391266 2.215776
-1.750599 -0.573701
1.562302 -0.723725
-0.540366 0.650313
-1.276831 0.598458
-0.870795 0.970136
1.199260 0.115487
-1.336449 -0.769218
-0.859251 -0.542054
-0.533536 -1.542105
-0.208866 1.044378
1.696572 0.734401
-1.964319 -0.767113
0.011041 1.693893
-0.481011 -0.580574
-2.413131 1.771366
-0.106493 -1.578784
0.954944 1.919584
-0.548884 -1.623825
-1.709255 -0.625079
0.278191 0.477604
-0.156344 -0.407634
-1.314112 -0.768932
-1.782829 -0.542654
-0.972948 0.889943
0.785276 0.299040
-0.917315 -0.319212
0.243636 0.998448
2.202125 0.514423
-1.135115 1.092111
-0.098843 1.075603
1.093639 -0.001341
0.575318 0.083616
0.319321 0.400079
-0.099655 1.737413
-0.121757 0.409036
1.700837 1.004598
1.565297 0.258770
-1.287512 -0.192435
0.853658 -0.194467
0.456312 0.738877
1.246917 -0.815832
0.975596 0.760669
-0.566476 0.522702
-0.108341 0.266201
-0.750291 -0.306342
-0.535909 -0.130984
-0.517018 1.350320
0.467000 -0.975788
1.132989 -1.108748
-0.475342 0.628405
-1.400384 0.166320
0.450520 0.447905
0.460022 -0.450929
0.941950 2.122051
0.665083 -1.607180
-0.805308 1.033316
0.084740 0.152085
0.841480 -0.440092
-0.641806 -0.275173
0.065407 -0.187287
0.065288 -0.245693
1.209910 0.567161
0.756255 -1.951791
1.040217 3.247685
-0.344042 -1.859305
0.097422 -0.695713
0.533792 -0.432730
-1.051581 -1.140059
-1.116387 -0.761599
0.376016 1.665878
-2.148952 -0.129522
1.438057 -0.372082
-1.239149 0.644295
0.179990 -0.693781
-0.410769 0.543046
0.574460 -0.096292
-0.143427 0.659892
0.322408 0.146990
1.305923 0.813612
0.456543 -0.058456
0.350045 0.725281
0.960718 -2.081999
-0.031664 -1.107302
-0.732567 1.346702
-0.069582 0.078004
-1.077291 1.430527
-0.938441 1.896610
-0.545541 1.095935
-1.003053 -0.825383
0.073712 0.067609
-0.259382 -0.455488
0.521556 0.592766
0.804769 -0.998797
2.444651 -1.036665
-1.248327 1.655568
0.263421 -1.140115
1.440144 -0.611685
-0.212193 0.189067
-1.631644 0.297546
0.422250 -0.611561
0.310377 -0.468243
-0.622707 -1.866930
1.267676 -1.391806
-0.470511 0.568191
0.014781 0.472682
0.415067 0.552223
-0.854025 0.281538
-1.093926 -0.537325
-0.342112 -1.327808
0.436285 0.372860
0.344935 -1.812105
-0.336402 1.020309
0.965391 1.615598
0.577947 0.768516
0.687525 1.915865
-0.322407 0.990809
1.625215 -0.597040
1.448464 -0.037915
0.372575 0.983974
-0.260888 -0.719636
-0.347846 -0.738378
0.538917 0.071947
0.230190 -0.510481
-1.344101 0.264807
1.242084 0.851829
-0.922666 -1.420626
0.179418 0.866978
0.637182 1.436859
-0.372416 -0.252775
-2.577304 1.967941
-0.288509 0.108401
-0.281804 0.105086
-0.129952 0.487202
-0.886449 0.629725
1.571343 -0.406411
0.056269 1.859837
0.625132 -0.627754
0.166062 1.173267
0.850880 2.197590
0.994420 1.230120
-0.805006 0.492219
0.765943 0.488727
-0.368617 -1.755581
0.164964 0.377499
0.678004 -0.668094
0.461423 -0.092124
-1.390399 -0.516065
0.819466 -0.931384
0.849343 -2.099759
-0.024830 0.524168
0.188150 0.771535
-0.042590 -0.510688
0.194927 0.689825
0.495492 -0.291038
0.544679 -0.531903
1.711294 1.051453
0.733461 1.677103
1.140462 -0.287028
-2.452129 1.578324
1.524077 -0.647561
-0.102870 -0.353383
0.215279 -0.492769
-0.487062 0.923085
0.016333 -0.920302
1.413494 -0.184681
-0.354695 0.470274
0.052694 0.397418
-0.802627 -1.097317
0.148998 -0.445103
-0.640530 -0.347883
-0.825850 -0.769191
-0.222835 0.371949
-1.014203 0.344512
-0.730633 -1.603753
0.456519 2.201459
0.599305 -0.274584
0.080721 0.932353
-0.585329 -1.343232
-0.315908 0.492124
-0.252357 -1.081402
0.110125 0.665156
0.906327 2.145775
0.632078 -0.096725
0.202637 0.147500
1.381014 -1.027309
-0.794170 -0.709566
-0.926528 -0.855920
-1.613060 -1.333699
0.970042 0.269674
0.486875 0.347076
1.113315 -0.657568
0.138458 0.323109
-0.213766 1.645613
-1.133535 0.577313
-0.412255 -0.105056
0.696560 0.964588
2.411751 -0.340275
-0.040687 -0.239782
-0.144100 -0.172302
0.914369 1.387232
-0.038607 -0.368342
-0.040601 1.565462
-0.809422 -0.059596
0.389339 -1.249636
-0.415019 1.151752
-0.476338 1.329706
1.378154 0.151136
0.901909 0.481387
-0.334062 -1.627405
-2.059902 1.240166
-1.689561 0.007014
-0.679703 -2.167506
0.355542 -0.317590
1.162195 1.556806
0.022281 -0.770176
1.198495 0.759353
-0.972864 0.261334
-0.166954 0.226082
0.586832 -1.288696
0.254815 2.271468
-0.224205 -0.341039
0.317508 1.175170
2.691418 0.290432
2.327058 -2.106626
1.367396 -2.181664
-0.799908 -0.599611
0.830308 -0.461811
0.147477 1.585882
-0.615290 -0.895763
0.442974 0.384062
-1.079360 0.563236
0.760510 0.247024
-0.293075 -0.164537
-1.461914 -0.634110
-0.825986 1.117481
-0.238412 1.460737
-1.513004 -1.248996
-1.196073 1.913226
-0.980518 0.261796
-2.662410 0.345129
0.068165 -0.675711
-0.825138 -1.920721
0.860786 -1.589908
0.707927 -0.486839
1.041577 0.559373
0.197740 -0.015282
1.034891 0.961968
-0.714959 -1.751109
-1.509728 0.607630
-1.127819 0.877819
0.593335 0.404402
-0.155091 -0.801271
-0.348108 -0.520693
-1.338459 0.884367
-1.182969 1.603184
-0.018991 -1.298489
0.121793 -0.404601
0.309601 -0.257503
0.477835 0.027802
0.132436 -2.400272
-0.915664 -2.219831
-1.158792 -0.763860
-1.266127 -0.737965
0.159632 0.536105
0.648797 1.716911
-0.407703 -0.267518
2.059486 0.585828
-1.523204 0.124915
-0.685851 -0.356480
1.571727 1.187226
-0.168226 0.086707
0.400304 0.528567
1.308903 -0.257383
0.621529 -0.554291
0.945416 0.974001
-0.604616 0.337638
-1.114339 -0.517208
1.081089 -0.393550
-0.457133 1.056233
-0.549341 1.038463
1.213972 -1.611729
-1.470724 0.503948
-0.349038 -0.019166
0.394623 0.522398
-0.638180 -0.762660
-0.320001 -0.418544
-0.195404 -1.018765
1.238738 -0.170588
-0.487706 0.294931
-0.708664 1.719911
0.878765 0.541786
-0.171770 0.488363
0.328932 -0.572324
-1.361001 0.128666
0.482726 0.587504
-0.111200 -1.417901
1.109236 -1.927540
-1.231678 0.482874
-0.500553 0.431953
-0.074150 -0.876937
0.315120 1.194260
-0.650854 -0.353624
1.918715 0.324700
0.226848 -0.406926
1.541310 -0.204082
-2.490500 0.919054
1.377437 0.976981
0.716738 -0.389029
0.182377 1.647173
-0.941292 2.253861
-0.565428 0.492485
-0.941291 0.585174
-2.118157 -0.384229
0.270908 -2.220052
2.510490 -1.878628
-1.980442 1.622084
-0.037591 1.667652
-0.370939 0.965567
-0.563876 -0.814017
-0.362174 -1.472602
-0.450518 -0.550944
-0.920792 0.307381
1.189487 -0.400642
-0.324031 -1.371244
-1.356632 0.583393
1.634309 -1.052540
1.076531 1.140834
-1.974854 1.273076
-2.054544 1.085162
0.049674 1.653733
-0.025008 0.115083
-0.186344 0.903783
-0.004235 0.135733
0.514220 -0.428224
1.284687 0.352652
-0.578473 0.721352
0.330492 0.732445
0.123583 -0.455540
1.669419 0.067134
0.796265 -0.177452
-1.158695 0.386654
1.158139 -1.445639
0.365838 0.114942
-1.366997 -0.858341
0.288201 1.610747
1.984842 0.801819
1.008742 -0.159421
-0.640973 0.688339
1.903596 0.265771
-2.000736 -0.801225
-0.170081 -0.968665
0.091838 0.889158
-0.102942 -0.154477
0.000157 0.176301
-0.494372 0.238108
-0.273085 2.438604
-0.421188 -1.175666
0.692969 0.300859
-0.303139 0.398304
0.008804 -0.106791
-2.008564 -0.213895
0.971681 -0.455453
-0.154330 -0.743351
-1.425660 0.449710
0.816057 -0.544750
-0.577242 -0.075245
0.444353 0.324938
-0.234847 -0.976713
0.502764 0.483333
1.980979 0.580220
1.414704 0.819375
1.016509 0.268678
0.075569 1.546576
1.124848 -0.181023
-0.519493 1.191450
0.495503 -2.935054
-0.558446 0.099036
0.381274 0.263533
0.901602 1.633232
0.726562 0.161343
0.659010 -0.367074
-0.561045 0.167961
-0.829146 -0.579014
0.576547 -0.234119
0.891094 1.401526
-1.393267 -1.122344
-0.507929 -1.342529
-1.094098 -0.982186
-0.086860 -0.194002
-0.273332 1.757906
0.986211 -0.933072
1.483312 0.282540
1.845758 0.489088
-0.181954 -0.795449
-1.186136 0.289010
-1.336557 -0.050802
-0.021561 1.795776
-0.074394 0.228262
-1.312759 -1.180825
1.669946 -1.646712
-0.210360 -0.359911
-0.888222 0.277717
-0.569627 -1.273429
-1.687277 1.660262
0.524413 0.961493
-1.423409 -1.123176
1.188960 -1.259276
0.792041 -0.378342
0.089642 0.363269
0.153289 0.115493
0.334690 1.752493
0.842231 0.733046
-0.248343 -0.740551
0.271950 -1.856709
0.882701 -1.052770
0.853332 0.216675
-0.674404 0.375335
-0.150901 -0.301544
-0.005197 0.088457
-1.310477 0.392466
1.478087 1.123387
0.159506 -1.574488
-0.523935 2.144517
0.033295 -0.248025
0.433007 -2.820693
-0.791743 0.870732
-1.299939 -0.464387
-0.054553 0.827355
-0.658092 0.084299
1.138382 1.092570
-1.356835 0.155899
-1.060810 0.682750
1.729505 -0.805881
-1.098487 -0.666047
0.387540 0.902373
-2.163676 0.142231
1.098836 -0.250565
2.246268 -1.563144
0.346731 0.900687
-0.588448 -0.250557
0.399309 0.391254
1.080352 -0.838202
-0.230034 -0.023024
-2.594663 -1.880379
1.925970 -0.361748
-1.037920 -1.250409
-0.909291 -0.440998
1.260786 0.224673
0.881933 0.391417
0.507739 -0.208323
0.299713 -1.351788
0.907980 -0.302416
0.896333 -2.243688
0.442398 1.987670
-0.374610 -0.718367
-0.463595 2.589478
-1.280187 -0.714421
0.492855 2.480307
-0.735964 -0.054670
-1.315954 0.458956
0.966657 -1.785333
-1.546549 0.838734
-0.486087 0.006076
0.317338 -1.369469
1.786228 -0.571573
-0.654755 2.163152
-0.802270 -1.158926
-0.877379 0.026236
0.787542 -0.452664
-0.726604 -0.851693
-0.528685 0.267757
1.432409 0.306211
0.003518 -1.258402
0.096363 -2.814010
0.594634 1.564653
0.866780 -0.041980
1.957343 0.357219
0.432588 -0.522164
-1.302860 -0.637943
1.702258 -1.516925
-0.748923 -0.951808
1.035662 0.175031
-1.011387 -0.644727
2.130751 -1.092456
1.425375 0.691668
1.049216 0.211168
-0.928703 0.757333
-0.089229 -0.452846
-1.571516 1.195169
0.999230 -0.612947
-0.105006 0.343017
0.227695 -0.411932
-0.233285 0.857197
-0.937798 0.676103
-0.587385 -0.252881
-1.252078 0.135641
0.187275 0.135787
-1.476383 1.162177
0.077929 1.052166
0.586055 0.882571
0.619831 0.095135
-0.612288 0.683015
1.770191 0.126753
-2.085068 -0.624122
-0.089876 0.118480
0.829801 0.369907
0.965199 -0.177207
-0.081016 0.316252
-1.007583 0.491101
1.492913 0.259031
-0.768636 -0.265391
1.128127 0.262496
1.081938 -0.791958
-0.343068 1.209012
1.698813 -0.618560
0.354598 -1.545926
-0.214701 -0.124866
-1.349134 1.008829
-0.860392 -0.325311
1.861309 0.433079
2.016007 -0.530370
0.971686 -0.576377
2.366202 0.605115
0.587934 0.313871
0.831796 0.377390
2.214551 0.092388
-0.539411 -0.478064
0.149199 -0.388245
-0.090285 1.215179
1.003546 0.727744
-0.467630 0.816285
-0.311090 -0.786542
0.889606 -0.902425
-0.995232 1.480431
1.537198 0.558435
2.109285 -0.825555
-0.554313 -0.065622
-0.198383 -0.533116
0.029500 -0.945342
-0.245385 -2.017544
-0.772473 1.949041
-0.870826 0.909768
0.160826 -0.189836
0.903817 0.437578
0.180917 -0.315334
1.489130 1.593504
0.814274 0.532361
0.457501 1.362617
0.193768 2.126296
1.183533 0.440477
-0.084262 0.264024
-1.383946 -0.937065
-0.224559 0.798407
0.174612 -1.296165
-1.120153 -0.008059
-1.267746 1.310730
0.061976 -0.871623
-0.674602 -0.972940
-0.439085 1.236513
-0.400639 0.019475
0.006781 -0.785978
0.046790 0.808084
-1.907201 0.251974
-0.596847 1.313799
-0.297858 1.322961
0.841658 2.010084
-1.140794 0.336972
0.320339 1.146226
-2.728986 -0.316170
1.013352 0.874166
0.849080 -0.166732
-0.290556 1.352407
-0.927031 0.100705
-0.448559 0.539854
1.060520 0.483660
0.202469 0.569986
-0.923964 0.047678
1.019540 0.218965
1.830563 0.418236
-1.574947 -0.174912
-0.469987 -0.463967
0.469694 -0.647057
0.006281 -0.712123
-0.553083 -0.294579
0.256660 -0.091735
1.590056 1.372045
-0.383765 1.371326
0.060557 -0.332370
-1.034669 1.665695
-0.510851 -1.565684
-0.549177 0.206894
0.942352 0.109552
0.288423 -0.026822
0.519905 1.343414
1.554238 0.220045
-1.939966 -0.956251
-0.342266 -1.033387
-0.321435 1.480031
0.063862 -0.526270
0.064088 -1.170334
-1.471979 0.849916
-0.226479 0.691424
-0.583269 -0.855094
1.159595 -0.962986
0.023506 0.827519
1.105105 0.356734
-0.141256 1.013266
-0.688696 0.263190
-1.036075 -0.112490
-1.062980 0.511092
1.359330 0.586382
1.406314 -0.296157
-0.646343 1.407778
1.795214 0.066722
0.049377 -0.130477
0.257886 0.298088
2.248670 -0.534359
-0.577977 0.342793
1.409268 -2.009521
-0.516649 0.613806
0.613289 -1.168692
-0.244949 -0.472242
0.401841 0.935269
-0.562734 -2.214846
1.313657 -0.918470
-0.602286 -0.276868
-0.060110 -0.006330
-0.757380 1.018540
-0.774398 1.727416
0.873970 -0.210658
1.211392 -1.660121
-0.728976 0.196721
0.247247 -0.116941
-1.597531 2.042222
-0.092761 0.228601
-1.405829 0.427651
1.760735 -0.370903
0.209110 0.477041
0.323397 0.565236
-1.127320 -1.239361
-1.387148 0.551817
0.075381 0.884970
1.609344 0.377034
-1.701826 -0.763697
0.651844 -0.647765
0.378641 0.778179
-0.649524 -0.594878
-0.116236 0.514052
-0.575590 -0.625910
-1.279033 0.005136
0.945053 1.002270
0.798039 0.258062
0.086855 -0.748014
0.004584 1.021544
1.013001 -0.208503
-0.824520 -0.365001
1.094741 1.281506
-0.403389 -0.822559
0.258335 -0.242263
-0.303199 -1.523102
0.215166 -0.011588
-1.438152 1.062717
0.179761 0.708239
-0.719665 0.633857
2.117204 0.449665
0.502931 -0.419371
-1.322051 0.083753
-0.650741 -0.369849
-0.810572 0.497050
1.479238 0.460510
0.963536 -1.289851
1.177496 0.725984
-0.043150 -0.276479
0.302768 0.821240
-2.144933 1.430886
0.483089 -1.127770
-1.341250 -1.013872
0.122602 1.091925
0.630062 -1.006140
-0.471238 -0.157012
2.231733 -0.609439
0.116668 -0.384063
0.250337 0.210221
-0.070948 2.411780
-0.266078 0.144233
3.418001 -0.636854
0.342532 0.886455
0.556398 -0.831748
1.999793 -0.838872
-0.316655 -1.063175
-0.581217 1.788920
-2.068550 0.540405
1.579818 -1.798928
-0.254275 1.200264
0.297013 0.404222
-1.001421 1.181478
-0.592832 1.226672
0.447795 0.640517
1.019298 1.162891
0.793062 0.447797
0.754494 -1.582389
1.379710 0.597357
-0.779399 0.636533
1.467653 0.889798
-0.837813 -0.402845
1.899900 -1.009937
0.677462 0.031689
0.727899 0.598476
0.155263 0.079641
0.365966 -1.589871
-0.421146 -0.460060
-0.802512 0.858520
0.564059 -0.409125
-0.068830 0.093871
1.492141 -0.147970
0.179193 1.813994
-0.162608 -0.650162
-0.218235 -1.651053
-0.318056 -0.510515
-0.320235 0.248296
0.357194 -0.612344
-0.420972 -0.663833
0.805544 -0.680708
-0.528146 0.470710
0.076581 -1.316382
0.133021 1.192722
-0.663920 -0.679392
0.196993 1.233638
0.643977 0.571266
0.504988 -0.275943
-0.550506 -1.165399
0.393416 1.048973
-0.119577 -1.031023
1.013069 1.389818
0.680488 0.690798
1.498539 0.772982
-2.390091 0.741633
-0.016402 -1.166459
-1.068053 -0.602160
2.209680 -0.934825
-1.203278 0.896495
-0.654445 0.017605
-0.742605 0.455875
0.087659 0.824050
-0.846598 1.078066
-0.239937 -0.120083
1.377810 1.483668
0.186317 0.739647
1.665597 -0.713624
2.086930 -0.162637
0.138686 -0.973773
0.014227 -1.539376
0.783693 0.362141
0.953794 0.508817
2.187888 1.330549
-0.991529 0.902659
-0.575517 1.284223
1.214791 -0.379096
0.819432 -0.689200
0.321746 -0.463007
-0.264360 0.555894
0.735130 0.697740
0.987401 -0.878261
-0.862044 -0.508629
-1.266356 -0.523372
0.434159 -1.141571
-0.039392 -0.578392
-0.811733 -0.865419
-1.136322 0.669658
-0.209634 1.668340
1.278701 0.504252
0.532780 -2.051304
0.050712 0.284843
0.672754 0.456757
-0.807467 1.132333
-0.501423 -0.310213
0.648254 -0.521580
0.079941 -1.951538
0.423418 -0.665405
0.132747 1.486845
0.473714 2.083807
0.032268 -0.724047
-0.938907 0.331677
0.812179 -0.213420
0.093249 -1.797031
-1.138790 0.334874
0.603093 -1.224578
0.141557 0.932908
0.749914 -0.626329
1.056469 1.457501
0.546983 -0.876381
0.906975 -0.580083
1.378137 0.320840
0.159485 0.827800
-0.665789 0.298582
0.204035 0.141074
0.959844 -0.411117
0.570038 -0.047963
0.843977 0.347845
0.497719 0.815384
0.755561 0.777222
-0.183887 -0.398080
-0.909438 -0.587670
2.302524 -2.849227
-1.510575 -0.078598
0.110884 0.245630
-0.350035 -0.294310
-1.741405 0.188706
0.058452 0.457959
-1.087859 2.220067
0.120095 -0.717491
0.066746 -0.175788
-0.632241 -1.661980
-0.636933 1.320504
0.698831 -1.601015
0.494234 0.815003
0.182377 -0.405808
-2.159375 0.775792
-1.850698 1.120886
0.353990 0.344129
0.913899 1.817184
0.368466 1.164149
0.346125 0.577293
-0.081368 0.040398
2.221615 -1.335253
-0.516354 0.702608
-0.106662 0.685126
0.188717 1.261912
0.049275 -1.305749
-0.628588 -1.248954
-0.967966 -1.168618
-0.784493 0.690969
-0.676774 -1.222516
0.509557 -0.846431
-0.360506 0.705268
-1.413193 0.508958
0.652760 0.181609
0.075902 -1.124199
-1.591787 1.650163
1.084310 -0.248546
-1.538834 0.222457
0.806968 -1.340546
0.467361 1.337236
0.103296 1.261717
-1.498922 0.090850
-0.422722 -1.827416
-0.138995 -0.232812
1.485951 -0.550644
-0.631100 -0.671975
0.431555 -1.117138
0.163799 0.905065
1.719074 0.221335
-0.622855 -0.551083
-0.527141 -0.199460
0.048870 0.181797
0.862249 0.085960
-0.038132 0.420099
0.564179 1.680042
-0.384058 -1.784843
-1.314573 1.298090
1.443360 0.348105
-0.010641 0.216731
0.924188 0.241242
-0.180086 -0.018472
1.279812 0.749106
0.139560 0.067449
1.613563 -0.639060
0.848438 1.237191
-0.237927 -0.771970
-0.720370 -0.106224
-1.177919 -0.407894
0.387848 2.518792
0.146717 0.126492
0.086917 -1.457545
1.662093 -0.940505
0.157306 -1.976489
-0.882955 0.561345
0.507956 -0.196441
-0.801728 -0.675927
-1.202826 0.887160
-1.554630 0.289259
0.113900 0.084428
0.584622 0.237300
-1.183415 -1.871286
-1.346700 -0.206424
1.033387 -0.623391
-0.380396 -0.262037
0.604729 -0.328108
1.173172 -0.664093
-1.388793 -1.452860
-0.121794 1.237240
1.345891 -2.150642
-1.400600 0.166832
-0.397153 -0.323039
1.083501 -0.611830
0.051150 1.281883
-0.532856 -0.974566
0.059587 -0.380648
1.120804 -0.580222
0.090472 -0.204281
-2.082179 0.453141
0.936979 -0.741082
-1.281331 2.511720
-1.418026 -0.044159
-0.397781 -2.171354
0.406342 -0.109106
2.627809 0.621959
-0.437697 0.245836
-1.129499 1.024343
2.346932 -0.583964
0.581574 0.182218
1.154717 -0.128075
-0.873795 -1.700622
2.655728 2.553548
-0.700544 0.925068
-0.637446 0.591187
1.110710 -0.090792
0.798254 0.735861
-1.213181 -0.966617
0.311287 -1.403174
0.222647 -0.394628
1.340658 0.645260
0.024088 0.144788
-0.836622 -0.233555
0.331147 -1.006449
0.686634 -0.230573
0.210672 -0.425330
-1.182615 0.533982
0.894414 0.166138
-0.617358 -2.033786
-1.295747 -1.013334
0.364382 0.630429
0.893779 1.976652
0.238464 -0.578572
-0.740415 0.924912
-0.205563 -1.700023
-0.463446 0.083858
1.803551 -0.467431
-0.835525 0.645095
-0.800590 -1.096373
-0.340270 -0.663776
-0.222127 0.147959
0.915488 -1.792877
0.165502 0.100096
-1.251401 -0.477589
0.006653 0.005106
1.156398 0.210136
-0.869181 -1.634480
-0.921726 0.025717
0.605599 -0.961404
-0.253713 0.780642
0.678492 1.265627
-1.527985 0.516802
-0.951611 -1.356957
0.394290 0.070329
-1.202312 -0.327583
0.080280 -0.241806
-0.758717 0.290741
0.156831 -1.693243
-2.134171 -1.280532
0.703868 -0.842233
1.664384 0.588503
0.256823 -0.113447
-0.253203 1.620349
1.474589 0.863064
-0.110913 0.670214
0.424222 -0.953910
0.581877 -0.314546
-0.578654 0.738708
0.832919 -0.221475
0.412531 -1.294839
-0.478169 -0.982860
0.656655 -1.085634
0.822722 0.333118
-0.208722 -0.504931
-1.001695 0.966484
0.288516 0.185432
-1.012488 -1.673773
0.218940 0.516942
-0.989792 0.136105
-1.343658 2.154210
2.202382 -0.355123
-0.196268 0.169997
0.680223 -1.074835
0.887895 -2.548500
1.487477 0.767085
-0.374607 0.550979
-0.005047 0.135297
0.379699 1.316869
-0.591320 -0.186136
-0.810651 -0.111058
1.230719 0.445665
-0.976429 -0.057471
-0.053347 0.246161
1.910054 0.095844
-0.232642 -1.360422
1.265173 0.428289
-0.609277 -0.613679
0.493579 0.436570
-0.271578 0.494911
1.019106 1.844717
-1.906300 -0.970927
2.280274 -0.204267
-1.100759 -1.021168
-1.148163 0.753127
1.655852 0.997529
-1.211571 0.283820
0.678367 -0.621889
-0.696057 1.575801
-0.900197 0.059717
-2.148215 0.045801
-0.012656 1.089491
-0.099486 -2.048120
0.204487 -0.464119
0.760701 -0.983170
0.102959 -1.208259
-1.203392 1.046184
-0.021809 0.984227
0.351398 -0.214412
-1.053883 0.257781
0.386545 3.309791
0.681956 0.677474
-0.091298 -0.310731
0.228030 -0.000992
-0.190582 3.193770
-0.220696 -0.448976
-0.979783 1.205613
-1.161223 -0.264801
-0.684839 -0.717458
-1.729636 -0.993221
-1.524113 0.948768
-0.529793 0.779908
0.008379 0.404249
-0.664354 0.803504
-0.256299 0.390290
-0.617183 0.871404
-0.134465 0.149603
2.401700 -0.077368
1.610203 -0.015083
0.383685 -0.835655
-0.705591 -0.095553
0.069258 -0.260205
-1.179654 1.470594
0.051843 -1.045906
0.054956 -1.072035
0.131356 -0.030771
-1.000564 1.475291
0.573505 -0.384233
-0.035397 -1.259504
-0.470533 -1.187135
0.841587 0.945157
1.771809 0.415785
0.885119 -0.488307
-0.217609 1.587823
-1.772076 -0.788483
1.252501 0.849229
-0.962250 0.881968
-0.391391 -0.673960
0.247016 -0.035406
1.216753 -1.532613
0.301626 -1.339197
0.243370 0.063422
0.537564 -0.673341
0.699670 0.798857
0.871291 -0.336244
2.831046 0.985275
-0.967744 0.986904
0.916127 0.818920
-0.452292 0.773171
-1.214270 1.167649
1.124553 -1.675527
0.486688 1.153069
0.705207 1.103529
-1.141452 0.058113
0.690165 -2.138330
-0.950111 -0.975151
1.732199 -1.185799
1.952709 -0.169249
-0.138945 1.037562
-0.093951 -1.818389
0.488465 -0.673612
-1.490589 -1.267159
-1.335671 0.740683
-1.019026 0.349421
0.235446 0.910556
1.222118 -0.490794
-1.931876 -0.848766
3.270639 -0.073676
0.550537 -0.261255
0.445585 -0.323397
0.200403 0.140466
-0.627543 0.592755
-1.987524 0.868235
-0.534839 -0.382351
-1.357213 -0.964942
1.014122 0.324970
0.655562 -0.765323
-0.319272 -0.202554
1.000695 -0.567393
0.546638 -0.317958
-1.369087 -0.224308
-1.673437 1.558049
-0.302288 -0.802361
1.036740 0.738447
-1.473821 -0.182525
0.553609 1.030076
0.895039 1.099053
-0.366168 -0.574435
-1.656766 -0.595932
0.444886 -0.723945
-0.168615 -0.493025
-0.719063 -0.131674
0.651703 1.800884
0.390237 -0.522254
-0.121843 0.668645
1.076998 -0.051745
0.262484 -2.374630
-0.073757 0.490400
-0.230085 -0.459953
-0.262837 -0.078814
-0.144568 0.688485
1.935199 0.826368
-0.345316 -2.043969
-1.126091 -0.176297
-0.186222 -0.526186
0.814544 -1.062420
-0.655164 -0.094084
0.110853 -1.682959
0.809498 -1.008579
1.078582 -1.354467
0.587299 0.537026
-0.213191 -0.154102
-0.838740 0.256346
1.145573 -0.571522
-1.024824 -0.442305
1.316076 -1.464867
0.454767 0.610556
0.156098 -1.906018
-1.286728 1.015032
1.116940 -1.058884
1.256479 0.677544
1.465024 0.159524
1.044743 -0.262791
-0.691663 1.231885
-0.333599 -0.538052
-1.713020 0.230448
0.206515 0.350219
0.229295 -0.839660
-0.658485 -0.274939
-0.427288 -2.246766
-1.556381 0.517066
-0.079684 -0.825292
-0.970517 0.336055
-0.892962 0.290977
0.578833 -0.354957
-1.281769 1.373286
1.300835 -0.820041
-0.661468 0.274955
0.030866 -0.516719
0.367431 0.634691
-0.046073 -1.284406
0.331611 1.030023
0.594119 0.681817
-0.050686 -1.048227
-0.614409 0.614165
-0.379244 -1.024845
-0.002449 -0.092844
0.344063 -0.572618
1.132516 0.138846
0.375926 -0.010093
-0.832752 0.478377
-0.482249 0.800766
-0.226201 -1.770893
-1.039431 0.105105
1.456181 0.421292
0.119879 -0.438835
1.108923 1.128023
0.340171 0.714192
0.958200 0.434917
-1.934042 -0.399423
0.909476 2.610702
1.401872 -1.460282
1.253220 -2.470883
-1.301913 0.837508
1.462307 1.006101
-0.192490 1.316420
0.537105 -1.528718
-1.040111 2.003981
-1.914190 1.294981
0.059738 -0.178278
0.121950 -0.058889
1.112258 0.256725
0.268318 -0.912008
-0.435888 -0.955722
-0.648201 -0.630970
-0.141211 2.082786
-0.775191 -0.015423
0.677285 -1.050183
-0.749100 0.134329
0.812516 -0.144638
-1.379096 0.382796
-1.241036 -0.786783
0.415971 -0.819461
-0.272932 -0.441942
-0.313624 1.330459
-0.102623 0.220064
-0.183205 -0.627302
-0.829474 -1.233938
0.725566 -1.616359
-0.565439 0.458669
0.859764 -1.125703
0.789443 -0.244774
1.410131 -0.203197
0.529308 0.255660
-0.201814 -0.555442
-0.236556 -2.448187
-0.388738 0.414396
-0.046468 -1.322391
-0.617897 0.454152
-1.748886 -0.833764
0.194030 0.009961
0.042888 -0.677305
0.390142 0.462479
-0.977182 0.649837
0.999389 -0.175655
0.504247 0.301437
2.706336 -1.158613
0.406032 -2.247903
0.583214 -0.187092
-1.436583 0.147772
-1.286911 1.431394
0.541542 1.433214
0.196558 -0.558772
0.299564 0.943829
-1.043555 -1.253267
-1.040592 1.082443
-1.689878 0.634293
1.458184 1.787055
-0.961517 1.496126
1.215257 0.303733
-1.089996 0.569119
0.719693 1.680609
-1.067978 1.263257
1.228389 0.755157
-0.011960 -1.190926
0.120058 -1.531837
0.630737 2.565861
-0.229046 0.156720
-1.190619 0.648746
0.635779 -0.540428
1.565456 1.037299
0.401033 2.246849
-0.862856 2.100195
0.015297 -0.096171
-0.160637 -1.991440
-0.149443 -1.262125
2.516976 -1.664511
-0.513735 -1.019890
0.289053 0.224216
-0.010733 -0.209759
-0.708501 0.303104
0.891026 -0.510197
-0.997498 -1.037439
-0.142704 0.041456
1.048712 -1.559939
1.777374 1.552429
-0.487083 -1.437460
1.396706 -0.771198
0.544766 -0.197398
-0.178394 1.889769
-0.879659 -0.854410
-1.251151 0.359968
1.886014 -0.561586
1.175183 -0.904331
0.015940 0.421759
-0.082977 1.036833
-0.692457 0.149383
-1.254164 -0.768865
1.893846 -2.510631
-0.212901 -0.152480
-0.304794 -1.101947
1.535376 1.279909
0.641053 -0.192480
-0.177809 1.465495
-0.562021 -1.420673
1.186305 -0.036205
0.534543 -1.362686
0.132021 -0.777169
-2.019082 -2.346416
-0.182413 -0.584488
-1.388434 -0.484242
-0.486178 2.058032
-0.004498 -0.044055
-1.002404 -0.680559
2.147055 -0.478686
-0.723751 -0.462572
0.823472 -0.137470
-0.665085 -1.632585
0.391323 -1.053735
-1.354392 -0.008429
-0.931884 0.101429
-0.558941 -0.519483
0.906330 -1.057571
-2.405355 -1.463954
-1.022896 1.498283
-0.590319 -0.006067
-0.507062 -0.200539
0.509215 -0.935309
-1.074954 -0.177098
0.053572 0.969010
0.147183 1.176215
-0.189269 -0.534656
1.035164 0.277898
-0.527622 -0.073414
0.011980 -1.193143
-0.037589 2.421613
2.277451 0.899884
1.811272 0.506744
-3.087845 1.529459
-0.346833 2.626687
1.437673 0.881868
-0.960838 -1.456982
-1.407711 -0.584732
0.099944 -0.128795
0.851275 -0.802268
0.382952 -0.510038
-0.319259 1.507618
1.305598 -1.096643
1.309301 1.236963
-0.841547 -0.278102
-1.126066 -1.477292
-0.380698 -0.302070
-0.304019 0.547058
-0.657202 0.436770
0.991502 1.215170
0.330180 -0.888868
0.184744 -0.389771
0.127520 -1.759570
1.113230 1.024039
-1.956571 -3.073743
1.036054 -1.637181
0.862319 0.402574
-0.681427 -0.967105
-0.023481 -0.192495
-1.377919 1.193672
0.970205 0.019392
-0.035686 -0.711955
-0.430603 -1.086978
-1.267605 0.938284
-1.156063 -0.423675
-0.239517 -0.312958
-0.268222 0.831564
-0.292217 0.792865
-0.328719 1.477132
-1.410198 0.073264
-0.896230 -0.350692
0.161428 0.150561
-1.420548 1.269774
0.862302 0.830029
-1.253574 0.557705
-0.555913 0.322661
-0.673537 -0.178179
-1.059638 0.511760
-0.609303 1.154812
-0.185636 -1.983313
-1.287812 -0.149529
0.372003 0.775137
-2.030372 0.654359
2.027207 -0.041900
1.696665 1.117493
-0.540969 -0.256102
-0.626579 0.536811
-0.423187 -0.698559
-1.384644 0.753047
-3.163597 1.342999
-0.597097 -0.470568
-0.589385 0.440505
0.847849 0.140933
0.316381 0.855738
-0.059523 1.282859
0.949188 0.042275
-0.750320 0.145864
-0.121607 2.243463
-0.527427 0.153214
-1.483994 0.533340
-0.488550 0.831084
-0.043581 -1.281320
-0.361787 1.089221
-1.612668 -1.380011
-0.473396 0.099883
0.407523 -0.633072
0.313140 0.740884
-0.349280 -0.316520
-0.216523 0.144709
-0.136726 0.428020
-0.489256 0.329045
1.603252 0.577612
-0.530307 -1.520304
1.232956 -0.297212
1.035066 -1.622684
-0.065538 -1.933609
0.328154 1.105274
-0.012331 0.905098
-2.217220 1.668392
0.377366 0.719261
-0.036785 -1.445435
1.223627 -0.247874
0.662339 0.227642
-0.196472 -1.195037
0.148418 0.884186
-0.896392 -1.616322
-0.433087 -2.021995
-2.433098 -0.384117
1.307483 0.515426
-0.410237 1.616825
-0.141794 -1.261139
-1.952707 0.061497
0.271636 0.127450
-0.971804 0.074221
-0.964249 -1.098736
0.911282 -0.807514
0.285352 -0.115856
-0.823930 -0.307360
0.843692 -1.695087
-0.188070 1.217416
0.019740 0.521784
-0.487869 0.012680
1.085421 0.294342
-0.445443 -0.626221
-1.516803 0.518521
0.417377 0.380016
0.730107 0.272752
0.345957 -1.162904
-1.415634 0.198879
0.091624 -0.518901
-0.492362 -0.228288
0.439189 -1.557800
-0.953704 0.311579
-0.212290 -0.021990
-0.238647 0.388786
1.557253 0.505055
-0.055779 -0.202505
0.759095 0.283143
-1.700121 -1.133259
-0.528290 -1.463679
-0.135280 -1.051458
0.029726 1.306029
0.381393 0.774947
0.091959 -0.786665
-0.985645 -0.152520
0.653784 0.604219
-0.903502 0.766697
1.677226 0.302869
1.134427 -0.613008
0.215031 -0.396749
-0.608513 1.311208
-0.654121 -0.967738
-0.531136 -1.566165
-0.006553 0.799621
-0.880786 0.306794
-1.938341 -0.342606
-0.450972 -1.553690
1.336059 0.285214
-0.074172 0.018516
1.387188 1.043576
1.291691 0.952508
-1.298000 1.188467
0.096980 -0.939107
-0.303072 1.916835
-0.759171 0.044612
0.397799 -1.492351
-0.094591 -0.619438
1.082638 -0.860388
1.354129 1.603540
-1.394361 1.967980
-0.348526 -0.283959
1.262287 -1.221724
-2.737346 -0.831014
0.177703 0.163257
-0.222260 1.013534
0.652666 0.726975
-1.483505 -0.089209
-1.644706 0.180466
1.547467 0.207861
-0.649585 -0.985999
-0.182827 0.598774
1.027225 0.718721
-0.166487 0.838634
-0.315426 0.187375
0.830215 -0.590079
-0.429120 0.140546
1.896375 2.402233
-0.284354 -1.406261
0.023481 0.536444
-0.134907 -1.596610
2.280392 -0.477272
1.406363 -0.512232
0.604832 -0.203665
0.745196 0.060248
0.518750 0.280724
-0.978798 -0.116248
-0.265150 -2.315019
-0.058555 1.131731
-0.365640 -0.917019
0.312556 0.431234
-0.916226 -0.275443
0.903826 1.657422
1.401998 -1.824495
-0.372672 0.842304
-1.786750 -0.371472
0.820603 0.820241
1.659133 2.100114
2.105862 -0.044162
-2.360498 2.499418
0.207862 -0.323231
0.000177 -0.166360
-0.880866 -0.695866
2.317017 -0.994800
0.380400 -0.420877
1.696140 0.390255
1.344455 0.124561
0.561915 1.066246
1.538212 0.306968
0.686254 0.109797
-1.891205 0.913478
0.984275 -1.570398
-0.824514 -0.076462
0.960373 0.416906
0.272481 -1.124966
0.260405 1.079438
0.764024 1.490039
0.530827 -1.253969
0.230294 0.347300
0.594467 0.159257
0.357104 1.042849
0.296610 -0.323169
-0.773929 0.622328
0.284646 -0.210620
0.594292 0.264804
-0.211847 -1.238187
0.982183 1.376118
-0.391540 -1.181848
0.220063 1.011323
-0.437130 0.708178
1.118992 0.260641
-2.307602 0.096939
-0.381754 -0.239131
-1.034736 0.667183
-0.682662 0.599180
-0.836345 -1.446153
-0.234700 -0.310852
-1.893957 0.443315
0.562018 -0.426219
-0.740599 0.201337
1.298639 1.756864
0.234658 0.345838
2.294137 -1.176216
0.592320 1.425928
-0.103178 0.390501
-0.308957 -0.205037
0.194814 -0.152253
0.139740 -0.593469
-1.709834 -0.221420
0.058934 0.670332
0.706292 -0.688257
0.777184 0.991533
-1.583971 -0.173499
0.100776 -0.563819
1.359059 -0.851801
-0.654671 0.365638
-0.666522 -0.104644
-0.392105 -0.241069
0.242958 0.560911
0.172069 -0.279024
-1.003029 2.161810
-0.647694 -0.419031
-0.625861 -1.495083
-0.717467 -0.295341
-0.185645 -1.117629
0.628763 0.279709
-0.260390 0.244294
1.440598 0.075097
-0.855639 -0.976232
-1.488714 -0.839228
-1.059199 0.751218
-1.495694 -0.244311
1.052536 0.502078
-0.689217 1.415726
0.520615 1.000344
-1.047279 -0.425979
-0.003353 -0.340766
-0.095503 1.504372
-0.276834 -0.580225
-1.002028 0.749212
0.146174 0.410105
0.276042 0.110822
-0.994872 -0.008902
0.248203 1.297628
-0.371661 0.861526
-0.096571 0.656978
-0.385466 -0.034849
-0.752026 -1.151639
0.124626 -2.256035
0.082126 0.629871
-0.595031 0.456830
1.976924 0.758630
-0.881899 1.381080
1.131686 1.928542
-0.563916 0.592790
-0.362959 -0.158598
1.042932 0.423619
-1.099425 0.861486
0.366872 -1.016385
-0.958678 -1.179963
0.795469 1.186353
0.472522 -0.429847
-1.636935 0.628718
0.432728 -0.261836
0.985065 -1.569126
-0.503890 0.751549
0.160870 1.437892
0.210443 1.513561
0.586647 1.919648
1.045494 -0.596386
0.673840 -1.461574
-0.474089 0.042615
0.605160 -0.289053
-0.220305 -0.594987
0.140299 -0.337645
-0.016176 0.411900
0.645996 1.552210
0.017201 -0.643918
1.189599 0.587813
-0.297402 0.727249
0.077854 1.110612
1.198470 0.120482
0.194528 0.649694
2.008931 1.020640
0.397909 -0.244552
0.935051 0.046066
-0.828445 0.083716
-0.373525 -0.130869
0.733199 2.538184
0.493484 -2.582001
-2.214725 1.488908
-1.250490 -1.420827
1.356889 -1.998492
-0.745456 0.435345
1.446225 -0.802030
-1.255109 -1.160681
-0.652022 -1.236845
1.054294 1.005475
-0.145115 0.124704
-2.579313 -2.112664
0.175232 1.247443
-1.460355 -0.836340
0.713345 0.591567
0.724795 -1.190508
1.733461 -1.670496
0.141462 0.799360
1.046618 1.137808
0.960036 1.288876
-0.153184 0.541323
0.449616 0.473538
0.466980 -1.066598
0.693933 -2.588367
1.066760 -0.192551
1.068301 -1.908003
-0.438376 0.043504
0.018574 0.683623
0.672431 -0.536035
-1.040582 -1.406845
0.292605 0.298412
0.318040 0.408577
-0.138956 1.622590
0.301527 0.861052
1.869651 -1.182703
-0.582000 0.306939
-2.301057 -1.409397
-0.645675 -0.646209
1.037641 -0.745821
-1.264300 -0.376075
0.300425 0.293973
-0.921688 0.361178
0.767481 0.216308
0.500402 1.426798
1.172987 0.212269
0.180192 0.725104
2.685426 1.454710
0.760158 -0.163965
0.189823 0.958189
0.640124 0.972366
-0.845028 -1.080026
-2.080930 -0.655282
0.477946 0.838160
-1.072956 -0.154706
-0.491745 0.491059
-1.406432 -0.391504
-1.500584 -0.287907
0.023807 -1.099384
-0.414029 0.715557
-0.429373 0.513473
-0.508821 -0.449704
1.281635 -1.792192
-0.362918 -0.226140
0.076271 -0.370096
-0.889313 1.972012
0.294848 -0.674939
0.163976 1.412314
-1.121694 -0.193838
0.305865 1.034387
0.458817 -0.210066
-0.823961 -0.183317
-0.309499 -0.941670
0.558944 -0.068900
-0.480668 -0.088026
-0.708058 0.780783
0.254109 1.057847
-1.530687 -0.668271
0.214695 1.074454
-0.505074 0.820948
0.005240 0.325496
-2.211925 0.118754
1.205675 -0.618815
-0.483582 0.063791
-1.841925 0.359390
-0.381476 2.331707
-0.113495 -1.407728
-1.397772 -0.817440
0.415131 0.368779
0.295493 -0.500944
-2.784637 0.281649
-0.721353 -0.411260
0.210975 0.448528
0.283097 -0.246542
1.253319 -0.022974
-0.154828 -0.088541
-0.088711 -1.752849
-1.076919 -1.271470
-0.633059 0.624012
-0.577902 0.316447
1.525374 0.358649
1.936623 -1.646056
0.320719 0.152095
-0.014707 -0.091894
0.544714 0.566336
0.377477 -0.184786
-0.560905 0.707980
-0.327371 -0.604808
1.061450 0.174859
-0.835253 0.399467
0.036065 -1.613256
-0.614443 -1.688455
0.367735 -1.217831
-0.553637 -1.421793
0.811455 0.626542
-1.546778 -0.334390
-1.282740 -1.391655
-0.415542 0.723864
-1.040803 0.258604
0.642096 0.088652
0.595111 -0.070830
-0.222779 -0.497061
-1.646126 -0.271585
1.490031 0.611938
-0.246191 -1.327601
-0.146958 -1.529252
-0.051672 1.076965
0.120133 0.815264
0.899456 -0.765144
-0.853621 -1.263376
-0.335233 1.047931
-0.402216 0.451118
0.321121 -0.581185
-1.880569 1.565824
0.400692 0.780230
-2.058066 -0.652918
-0.428963 -0.402067
0.829588 -0.291484
-0.653266 -1.714664
-1.490342 -0.557113
-0.474380 1.129924
-0.573240 0.136997
-0.321407 -1.690033
0.716226 0.048615
1.433368 1.086805
0.512703 0.428178
-0.863693 0.436738
1.244387 0.431506
-0.099897 -0.043901
-0.614387 0.732326
0.110035 0.905068
-0.623114 1.614752
1.070487 0.824977
1.534103 0.287023
0.785439 0.679303
-1.038155 -0.942535
-0.404656 1.337371
1.420152 -0.864964
-1.025667 0.212777
0.276495 -1.542300
0.396317 0.839996
-0.550833 -1.079418
-2.072069 -0.742253
0.003932 1.621399
-1.602665 -0.559170
1.708390 -0.493703
-0.523550 -0.432289
-2.006259 0.917872
1.018580 1.329186
-1.147244 0.202877
0.452021 -0.309695
0.283168 -0.791958
1.860573 -0.330882
1.182539 1.390055
-0.907764 -0.295283
0.464062 -1.156453
-0.969809 0.599897
0.596561 -0.255154
-1.173645 -0.021511
0.708250 -0.205056
-0.118962 0.027409
-0.929166 -0.011694
0.937926 1.111009
1.070207 1.531927
-0.200491 2.650543
0.989885 0.106063
0.529525 -0.440931
1.669045 -1.720727
-0.494327 1.361072
0.606319 0.759177
0.339782 -1.574208
0.732877 0.665239
0.567989 -0.265515
-1.407375 2.043116
-0.410215 2.370650
-0.002369 -0.099152
-0.353561 0.531252
0.766598 0.061581
-1.836642 -0.737977
0.891561 0.382765
1.274788 0.460579
-0.531739 1.633155
-1.262657 -0.141920
1.553351 0.112614
0.251089 -1.151130
-0.984475 -2.004988
-0.143098 -0.925372
-0.328183 -0.390916
0.574172 -0.747660
-1.471625 -0.861776
-0.549914 0.970373
1.046794 -0.671693
0.106265 -0.596350
-1.450205 -0.778778
-0.501362 1.776083
0.386229 0.510185
0.509047 0.427019
0.022139 -0.557555
-0.520467 0.877831
-0.024443 -0.891993
0.022049 -0.210884
0.191716 0.171800
1.203950 0.680451
2.292131 -0.288695
0.514283 -1.270773
0.671779 -0.633163
0.813948 0.896658
1.382133 -0.208525
-0.776846 2.138650
-0.422316 -0.339832
-0.393346 0.447931
0.282620 0.147523
1.143918 0.132668
0.070828 1.052468
-0.250209 -0.023819
1.140601 -0.128820
0.782011 -1.438064
1.152299 -0.543490
1.956342 0.656941
0.710054 1.266453
-1.521875 2.718633
0.565250 -1.669775
-0.203481 -0.036852
1.037975 1.696943
-1.680835 -0.820239
-1.162665 0.782161
2.421386 0.512839
-0.715929 1.746035
1.330244 0.079383
0.744247 -0.941496
0.116556 -0.039155
-0.129501 -0.542451
-1.081305 -0.895601
0.045719 1.341858
0.582233 0.433569
1.831698 -0.697981
-0.715410 -0.592380
1.578304 0.162459
-0.824390 0.361805
0.341925 1.264255
-0.035309 -0.452678
-0.542566 -0.348280
-1.826246 -1.272417
-0.886045 0.253232
-0.053574 -0.308171
-1.433533 -0.169183
-1.049442 0.852799
0.953439 -1.043102
-0.255763 -0.339304
2.979493 -0.121207
-0.871378 -1.795426
0.532875 0.215416
0.874442 1.118702
-1.168242 -0.024504
-0.597087 1.277445
0.965180 0.883888
-1.622105 -1.577522
0.414910 -0.546059
1.046281 -0.984843
-1.285204 0.995326
-0.367702 -0.216487
-0.122526 -0.422281
0.735571 1.389606
0.724668 -1.469708
-0.395224 -1.727819
0.862673 1.296251
-0.891000 1.279223
0.453054 0.637832
-0.127914 -1.669145
-0.130353 -3.071967
0.397980 0.021176
-0.302592 0.763105
1.183033 0.940314
-0.752469 -0.261149
0.630640 -0.424826
-0.352687 -1.815745
-0.589688 1.349234
1.274938 -0.484744
2.151320 -0.583651
1.076367 0.401191
1.420368 1.994209
-1.199590 -0.764140
1.129083 -1.158908
-0.753038 -0.371755
-0.772059 0.743159
-0.651968 0.735160
-0.202211 0.892123
-0.880828 -1.393747
-0.223930 1.897140
-0.764668 -1.148481
-0.062836 2.933031
2.232383 -1.324809
1.626372 0.565054
-0.689908 0.006104
0.390477 0.198677
-2.542378 0.601752
-0.376211 -1.015702
0.902751 -0.305560
-0.148957 -1.172714
0.684279 -1.618776
-1.394258 0.130854
0.097105 -1.208964
0.920776 -2.242378
2.319910 -0.701812
0.433432 -2.784458
-1.718426 -0.151164
-0.695341 -0.488001
1.119237 -1.867076
-1.022864 -0.742833
0.471635 -1.666527
0.357710 -0.276264
0.757993 -1.811933
-0.255798 0.937730
0.315241 0.791654
-0.969512 -0.274932
2.176411 -1.284987
1.998346 0.392129
0.437871 0.800421
1.404909 -1.921313
0.041703 0.413618
1.152590 0.090331
2.145907 -0.308352
1.880968 -0.877504
0.379631 -0.106731
-0.339571 1.322982
2.051146 0.294640
0.061768 -0.376343
1.754035 -1.820722
-1.098653 0.457708
0.756502 1.633189
0.320387 -0.057307
-1.454578 0.773890
0.802029 0.148823
-0.467982 -1.811109
-0.302011 0.986569
-0.430882 -0.178562
-0.918669 0.163818
-0.484766 0.613076
0.514991 -0.093867
1.757137 -1.369544
0.584809 -0.082295
-1.186354 0.048212
1.636923 0.627403
-0.542030 -0.939306
-0.409286 0.078535
1.080960 -0.975959
-1.187389 -0.087738
-0.101555 0.121136
0.857476 -0.640671
0.176342 -0.132042
-0.887240 -0.136279
-0.296561 -0.541997
1.001565 -1.060633
-0.203489 -0.956902
-0.036332 1.332750
-0.300352 -1.505324
-0.632994 -0.844381
1.238836 2.741160
-0.941545 -0.969384
-0.459366 0.308418
-1.024427 0.776786
-0.848311 -0.927542
-0.012526 -1.312476
-0.044160 -1.305427
0.733241 1.882591
0.998388 0.932601
-0.698983 -0.128281
1.140581 0.140514
-0.587555 -0.095499
1.009815 0.093336
-1.678072 1.148318
-0.779777 -0.135226
1.076701 1.379747
1.864599 0.018495
-1.125795 -0.200998
-1.074670 -0.373321
-0.537265 -1.542488
2.275445 0.109503
-2.108771 -0.426447
0.779153 0.606340
0.376616 1.220203
-1.055263 -0.479877
0.484468 -0.385872
0.198689 -2.213547
-1.319122 0.220356
-0.426495 -0.219748
0.971537 0.656808
0.366748 -0.938786
-0.656508 -0.107341
-0.327180 1.578144
0.875023 1.075828
-1.130861 -0.383924
-1.171124 -1.164334
0.464598 -1.706178
-0.600050 -0.371450
-1.141322 -0.408626
2.049934 -0.792664
1.971663 2.566801
1.422410 0.460698
0.316049 0.276638
0.039766 -0.068598
-0.406125 0.258883
0.254846 0.608544
2.528023 1.370875
-1.039325 -0.224852
1.192958 -0.192233
-0.425833 0.243439
-0.389633 -1.287214
-1.140922 -0.083534
-2.199371 -0.280142
0.855006 0.383446
0.656825 -0.685342
1.789651 -0.254874
0.194917 -0.331268
-1.107007 1.329773
-0.587163 -0.436823
1.697241 -0.958083
1.061511 -1.169166
-0.612347 -0.232257
-0.483873 1.843787
-0.434355 -1.108927
0.791812 0.300152
-0.373559 -0.669761
-0.191832 -0.525585
-1.983076 -0.807776
2.226408 1.975378
-0.986448 -0.120931
0.938849 0.839054
-0.276251 -0.427148
0.346328 0.061022
-0.493131 0.006861
-0.012313 -1.183626
-0.502758 -0.320655
1.744666 2.014502
1.807178 1.424132
-1.028676 -0.189884
-2.478084 -0.183483
-0.520616 -0.952839
-1.794555 0.943923
-0.031708 0.154889
-0.987784 -1.233571
0.474117 0.452677
0.479766 -1.194172
-0.073318 0.531804
0.274872 0.816311
-0.562544 1.060479
-0.456642 -0.550141
-0.198800 -0.231585
-0.653501 0.732382
0.901715 0.477745
-1.552958 0.542996
-0.409290 0.060074
-0.480465 0.718721
-1.913821 0.585330
0.383094 -0.704832
-2.057789 -2.112222
-2.593703 -1.334941
1.540853 0.171304
-0.941450 0.192532
-1.047580 0.614991
0.744580 0.846944
-0.466154 1.203318
1.570193 -0.288114
0.912719 -0.802180
0.072441 -0.906509
1.740258 -1.264532
0.022983 -0.109224
0.418616 0.672771
-0.443454 0.932769
-0.370954 -0.282597
0.547510 0.584404
0.401209 -2.117345
-0.438175 0.243518
0.911228 0.965659
0.920172 -0.246480
1.159218 -0.698929
-0.569577 -0.942972
-0.026229 -0.925780
1.744243 -0.068717
-1.092066 -0.134894
-1.605210 1.244360
0.357707 0.726926
-0.717384 0.135540
-0.744326 0.106886
2.174842 -0.825600
0.902881 1.297498
-0.670861 -1.610360
0.842367 -1.776653
0.004809 1.619610
-1.079974 -1.089656
-0.514809 0.352682
0.864696 1.136488
-0.583359 0.998625
0.876997 -2.500886
0.715961 0.926583
-0.062597 2.351518
-0.541947 1.246352
-0.096110 -0.311453
0.048051 -1.400002
1.745726 -0.151015
0.234965 -1.544323
1.032658 -0.331386
1.068911 0.473921
0.178676 0.246375
2.187736 -0.915747
1.657306 1.292101
0.089939 0.715986
-0.062737 1.042569
-1.263028 -1.300538
-0.389506 -1.162221
0.173648 1.187465
-0.335464 -0.619508
0.728821 0.533512
-0.775562 -1.746627
0.368081 1.265632
-0.929544 0.028632
0.093017 -0.854534
1.065176 -1.203385
-0.244780 -0.548428
-1.458177 0.634706
-1.071718 0.598785
-0.138734 0.812402
0.073714 1.478570
-0.430547 0.162769
1.479163 -1.130097
-0.617636 1.394717
0.804166 0.959816
0.459814 -1.366187
0.541841 1.279379
0.491321 -2.690273
-0.586426 1.367410
0.686655 -0.432615
-0.322930 -1.011006
-0.679289 -2.331611
-2.379676 -0.069902
-0.490534 -1.535285
1.178304 -0.233831
0.307852 1.933381
-1.805207 -2.292402
0.082641 0.871819
0.354473 0.769231
-0.269213 0.803588
-0.568047 0.284005
-0.844022 -0.724231
2.297419 -0.825911
-1.731966 0.315618
0.413899 -1.203474
0.742054 -0.775580
0.045159 1.153748
-0.192520 0.278604
-0.320535 0.788735
0.594767 0.350056
1.314497 -0.332375
0.284132 -2.568777
-2.071263 0.210793
-0.178971 0.215250
-0.274570 0.208694
1.035773 0.834196
0.889313 0.951500
2.179415 -1.728051
0.476046 0.038129
-0.060209 0.275812
0.825530 0.513824
-1.090529 -1.690256
0.131642 0.157920
-2.007057 -1.145302
0.394876 0.043403
-0.223268 -2.051672
-0.206341 -0.219017
-0.823112 0.565825
1.760817 0.417728
-1.208524 -0.731216
-1.137938 0.989655
-0.919336 -0.093523
-0.945526 0.290853
1.331419 0.371042
-0.367593 0.448939
-0.187871 0.317816
-0.412221 0.127745
1.717241 -1.569416
0.962190 0.059750
0.162335 0.372477
-0.169394 -0.053429
-0.635443 0.820018
-0.483326 0.872699
-0.400130 0.536485
-1.110498 -1.043222
1.161976 1.011293
-1.012751 1.358644
1.254717 1.095990
-0.247088 -1.452480
-0.083811 0.808826
-1.008223 -0.797248
-0.049894 -0.397753
-0.559588 0.532188
-1.015162 0.370077
-0.095453 0.463368
-0.224643 -0.456716
0.221047 -1.147430
1.042412 -0.489882
0.341662 -1.371701
0.181899 0.347597
-0.568378 0.899836
0.485841 -0.027380
0.346767 0.499719
0.020014 0.574419
1.001767 2.184916
-0.738510 -1.234290
2.563687 1.677802
-0.165412 0.513322
-1.560761 -0.966550
-0.161226 0.763662
-0.140969 -1.599975
-0.639215 1.153319
1.642824 0.342656
1.855958 0.789061
0.429266 -0.576679
-1.309332 0.066567
-0.210365 1.295784
1.812611 0.681025
1.793366 -0.259648
0.975389 -0.585622
0.746881 0.312557
-0.186710 -1.649075
0.297698 0.627585
0.412122 0.758954
0.027896 0.785154
-1.753752 1.451903
0.261354 0.478083
0.752827 -0.845941
-0.534794 -0.539842
-0.678925 0.002197
0.136313 1.261792
-0.584155 1.790579
-1.217292 -0.840608
2.396533 -1.458206
0.753987 -0.726323
0.681318 1.258367
-1.231545 0.035011
0.063793 -1.168538
-0.584352 1.405379
-0.493689 -1.098626
1.187011 -1.587691
-1.242412 -0.983729
-0.350463 -0.962261
-0.474600 0.467667
1.292738 -0.067858
-0.348888 1.885421
0.013813 -0.700073
-0.313618 0.403637
1.466542 1.180407
-0.999273 0.568882
-0.802555 -2.098823
-1.168354 0.413831
-0.354127 -1.185256
-0.826264 -0.847459
-0.321326 0.687997
0.758135 0.915757
-0.356305 0.594712
-0.528951 -1.584026
0.510225 0.593546
0.709147 -0.167999
0.605415 -0.869032
0.780275 0.308886
-1.548420 -0.840509
1.201842 2.027809
-0.031281 -0.429531
0.162212 0.700494
0.648822 -1.404042
-0.209766 0.267128
1.290286 0.193260
-1.803782 -0.204117
-1.139263 0.299959
1.080612 -0.725240
0.669635 -1.999212
0.341619 1.230605
1.826751 0.979735
-0.431531 -0.257619
0.721976 -0.385167
1.710638 0.954892
0.983746 -0.276912
2.048835 0.881773
-1.824219 0.546111
0.304090 -1.600459
-0.848224 0.818157
-1.487491 0.216949
0.258203 1.526676
2.359809 0.240179
-0.172168 -0.787019
-0.512891 0.841890
-1.079813 0.119923
-1.225678 -0.625744
1.087782 0.017958
-0.538900 -0.555809
0.015161 -2.692751
-0.334416 1.609903
1.661022 -0.672947
0.549597 -0.495883
0.261396 0.210335
-0.599555 -0.036388
0.094953 0.835130
-0.381335 -0.202360
-0.645539 -0.725302
1.480830 1.363839
0.985673 -1.554170
1.179324 0.432239
-0.702301 0.750296
0.946120 0.350032
2.269115 1.094512
-0.071015 -0.140737
2.759178 0.309001
0.963717 0.517473
-0.475183 -0.418151
-0.753202 -2.217142
-0.226794 -1.573976
-0.126210 0.272725
-1.127065 0.987944
0.416622 -0.881107
-2.164931 -1.378138
-0.515028 -0.658958
-0.182651 -0.204959
0.751785 0.321355
1.655572 0.262065
0.850815 -0.652455
1.894098 0.228006
1.321794 0.137410
1.642025 -0.386355
-0.270315 1.421318
-0.612725 1.123165
0.582714 1.260611
-0.305937 -2.198136
-0.135357 0.704003
-0.006461 0.758466
-0.690207 0.348449
-0.548792 -1.080538
-1.776655 -0.567782
1.135176 -0.105178
0.640988 1.837468
0.737005 0.387067
-0.463138 1.744048
-0.867566 -1.518760
-0.411534 0.602425
-0.857395 1.196281
-0.327845 -0.621344
-1.834984 1.302797
0.555663 0.125275
-0.566467 -0.254064
0.284755 -1.321792
-0.343511 1.321296
-0.637433 1.860707
-0.204237 1.082633
-0.742766 -0.887557
0.601147 0.759734
-0.327381 0.200428
1.033419 -0.728685
-0.975505 -1.048664
-0.930272 -0.393995
0.271153 0.703478
-2.231620 0.270109
-0.056593 -2.151182
0.996786 -1.590024
1.589326 0.186307
-0.548131 1.042507
-0.030127 -0.206452
-0.741988 -0.100030
0.776442 0.976530
1.142685 -0.251156
0.204702 0.506211
-0.022024 -0.984000
-1.218680 0.571228
1.328019 -0.090864
-0.585291 -0.028314
0.033204 0.458491
-0.724990 -0.272451
0.183601 -0.705031
0.312228 0.153408
-2.046804 -0.632390
1.898191 0.748695
-0.135623 -1.351992
0.013694 0.110132
-0.276994 0.198150
-0.866380 0.099587
0.750233 0.905042
0.652388 -0.159254
0.924504 0.590313
0.269814 0.803067
-0.807851 0.075594
1.367870 0.116496
-1.494721 -0.873402
-0.130832 0.895888
-1.038598 0.156847
0.175032 -0.257229
-1.476179 -0.362734
2.269640 -0.527521
1.510950 1.253121
-1.043637 0.963707
-1.623233 -0.869043
0.142034 0.745858
-1.298519 -0.304305
0.564417 0.621406
0.536717 0.709672
-0.250455 -0.955575
-1.150572 0.556106
0.614102 -1.631537
1.008434 -1.287133
-0.894347 -0.397909
-0.461151 -1.446074
1.454737 0.565794
-0.744566 -0.784716
0.265244 0.925480
0.057139 -1.073761
-0.700528 -0.023241
0.652880 0.061449
0.835901 0.741189
0.524640 0.026382
-0.534222 -0.448171
0.318365 -0.619236
-0.828647 -1.145637
0.238105 0.385571
-1.047312 0.248754
0.271699 -1.003883
-0.509234 0.731911
1.259630 -1.717504
0.658240 -0.869854
0.525456 0.667983
-0.548330 1.236209
-0.139229 0.679303
-0.617405 0.143909
1.734377 -0.194058
-0.054297 -0.606003
0.153133 0.149735
-0.213266 1.696574
0.418180 -0.044463
-0.737475 0.555080
-2.493065 1.120057
-0.693490 -0.461591
-0.590197 0.732479
-0.423578 -1.381620
-0.740329 1.011445
-1.166279 0.006189
0.702289 0.555467
-0.950346 1.191143
-0.903800 1.475123
-1.559330 0.203342
-1.296149 0.658219
-0.551204 0.531238
1.730868 0.906160
-2.694870 -1.346029
-0.208421 -0.433553
0.645381 -0.944663
-0.806316 -1.539943
-0.047719 2.280197
-1.901023 -1.531680
1.063591 0.970386
-1.499394 -0.374071
-1.438112 -0.421674
-2.533420 1.158879
1.168275 -0.124061
-0.313621 0.670233
1.361215 -0.079695
0.707047 2.144942
-2.175321 0.680855
-0.754942 0.514475
0.527320 0.441519
0.770903 1.505976
-0.903370 -0.507420
1.450621 -0.308154
0.531092 0.480582
0.526082 0.968759
0.284796 -0.212116
1.065175 0.786121
-0.758462 -0.641255
-0.829337 -0.703093
-1.383542 -0.985472
-0.691458 0.074654
2.137322 0.416961
-0.839092 -1.735188
1.007597 -1.876490
1.465002 0.094975
-1.150108 -0.202182
0.120574 0.275941
1.864759 -1.433749
0.698854 2.012583
1.660112 -0.705502
1.094779 -1.406526
-0.460682 1.039153
-0.692154 -0.282454
-0.297361 0.485959
-0.834192 0.607118
1.050026 0.764437
1.175092 -0.046134
-1.069720 -1.216546
0.240359 2.218891
-0.794261 -1.157252
0.319911 -0.006465
-1.519824 1.739395
0.643920 -0.728245
1.369284 1.516014
0.619562 -0.580390
0.293986 -2.081914
0.972152 -0.952332
0.155388 -0.029760
-0.854063 1.465902
0.753772 -0.089107
1.517212 -0.117701
-0.413767 -1.692915
-2.328484 1.313207
0.348489 -1.953599
1.052855 0.580858
0.339156 0.355269
0.309212 -0.772926
-0.229625 0.810358
1.285147 0.490377
1.715250 -1.514120
0.299085 0.664812
-0.732728 -0.045235
0.092312 0.316753
1.161494 -1.522226
0.643674 -1.168235
0.142229 0.274994
0.302206 0.661509
-1.735725 1.133636
0.415055 0.517901
-0.647259 1.121410
1.232108 0.043169
-0.025617 -1.630869
0.423079 1.102931
-0.116118 1.331273
-0.225150 1.556612
-0.557356 -0.069601
-0.794208 -0.740634
0.720877 0.903417
-2.408183 -0.512898
-1.650151 -2.246483
0.736060 0.768675
-0.411414 0.832732
0.425285 0.213839
-1.504814 0.743993
0.107275 0.726049
-0.570709 -0.246016
-1.220996 0.367001
-1.432142 -0.097610
-1.527215 0.678470
2.077697 0.514030
1.109148 -0.603856
-1.308266 -0.469634
1.018970 -0.417080
-0.694947 1.066416
-0.933963 1.003919
-0.324445 -2.160698
-0.233707 -0.711810
0.517240 0.932271
-0.437386 -1.674038
-1.416689 1.414326
0.205743 0.551492
-1.231272 -1.554539
-0.323317 0.017154
-0.555077 -0.382235
-0.263646 0.084912
-0.367353 -0.479742
-0.251093 0.957302
-1.224052 1.359118
-0.747951 -1.773381
0.331980 -1.085021
-0.096633 -2.651346
-0.724646 0.856170
-0.630724 -1.631760
0.570235 -0.009364
0.011975 0.902584
-0.871944 0.480276
0.023264 1.725919
-0.231341 -0.600060
0.227304 0.289657
3.165111 -0.098344
0.202685 0.298614
0.132377 0.839480
0.174806 -1.093562
-0.021900 -0.433701
0.222367 -0.053384
0.401060 -0.640486
1.156863 0.351640
-0.611867 -1.140729
-0.108785 0.762097
1.485047 -0.034237
0.353842 0.357252
1.539114 0.756067
-0.316767 0.137054
1.280171 -1.664245
-2.074968 -1.464860
-1.432798 -1.303936
-0.596029 -0.751704
0.098221 -0.578227
0.375285 -0.607696
0.253912 -2.217282
1.556487 -2.165712
0.323164 -0.542563
-1.083275 0.160491
0.035336 -0.665832
-1.230499 -0.274484
-0.134446 0.862398
-0.173169 -0.669662
0.571893 0.236067
0.265190 1.745167
0.797334 -0.580778
0.255458 -1.432536
-0.681964 0.851565
-0.311402 -0.757881
-0.810381 1.828461
0.194282 1.697088
-0.668154 -0.283373
0.961298 0.196931
0.451611 -0.492316
-1.034099 -0.933547
-0.662815 -0.330892
-1.176880 0.353765
0.298973 0.049696
0.880992 -0.292473
0.301039 -0.975614
2.075456 0.552886
0.681817 -1.015442
0.596318 -1.991375
-1.980357 -2.003756
0.680957 0.181835
0.265861 -0.127043
1.791960 -0.463273
-0.681245 0.948382
1.512027 1.117206
0.595358 1.360794
-1.127988 -1.229953
1.286520 -0.040686
-2.034006 1.358752
-1.905889 2.639955
-1.555132 -0.224872
1.414297 -0.773831
0.059284 0.213860
0.352341 0.276963
0.010311 -0.087621
0.509507 -0.721777
1.660114 0.506728
0.136947 0.942000
-2.436919 0.253798
-1.370017 1.749632
0.899718 0.204900
0.565016 -0.277301
-0.901689 -0.514773
-1.807791 -1.651850
0.010886 -1.020548
0.300769 1.498361
0.465169 -0.045374
-0.451637 0.155060
0.924049 -1.404369
-0.468739 -1.139414
-1.717836 -0.060525
-0.745078 0.386285
0.648187 0.248227
-0.738338 -2.846694
-0.433341 -0.890981
0.829737 0.434949
-1.962484 2.030715
-1.203962 -1.523614
-0.549904 0.627821
0.067062 -0.841559
2.105829 -0.464711
0.699953 0.550617
-0.303415 0.217783
1.016296 0.022436
0.198933 0.466398
0.757302 -0.675846
-1.365956 -0.672629
-0.617119 -0.937268
0.791071 1.369069
-0.906222 -0.145361
2.982959 0.597191
-0.632182 0.793165
-1.674968 -0.644365
1.204920 0.539708
0.066969 -0.638636
0.474294 1.351320
0.587448 -0.990521
0.100577 -1.554146
0.899888 -0.064272
-1.569668 -1.984115
0.948973 -1.342292
0.476132 0.050062
0.150358 0.874789
1.890689 2.454479
-0.009641 -0.147675
1.181269 1.363012
-1.655255 -1.083157
0.226532 -0.465039
1.955379 -0.154546
-0.805050 -1.757033
0.502229 0.703089
0.989024 0.453904
0.246286 1.084565
-0.481432 -0.526496
0.016948 0.689210
0.047708 -0.540125
-0.712022 -0.019616
-0.281038 -0.846384
-0.219684 -0.653606
0.135020 0.155824
-0.182440 1.893096
-1.148718 1.006092
0.239088 0.382486
0.048705 0.065423
0.269363 1.325324
-0.961021 -0.382541
-0.030146 0.951210
-1.522080 -0.639848
0.789409 -1.341322
-1.234172 0.348156
0.806503 0.453111
-0.622720 -0.488576
-0.744098 -0.086526
1.097716 1.106243
-1.273902 0.856640
-0.333472 0.462309
1.538626 0.062453
-0.574702 0.126898
0.086450 0.687504
-0.583761 -1.080566
0.578910 -0.559290
1.366568 -0.157689
-1.480465 -1.239094
0.118899 -1.225851
-0.546168 -1.089116
-0.983769 0.100015
-0.930387 0.387717
0.704214 -1.028803
1.917824 -0.017917
0.596575 -0.489828
-0.890316 0.224597
0.080700 -1.040585
1.110665 -0.260109
-0.276010 1.076043
0.740231 1.294283
1.605799 -2.664762
-0.010576 -1.655421
-0.560162 1.111134
0.495488 0.320887
0.184276 3.141016
-1.162587 0.879081
1.132666 -1.237510
0.341999 -0.217094
0.139387 -0.819934
0.252954 -1.005853
0.173084 -0.303880
0.794247 0.608135
0.620706 -0.738030
-0.630548 -0.812645
0.029457 -0.254526
0.239883 0.320498
2.296673 -0.190902
-0.782565 -0.199914
-0.137232 -1.762567
2.728960 1.350578
0.079816 -0.139759
-0.760991 1.563079
-0.396862 -1.241851
0.341942 -0.375159
-0.667766 -0.379845
1.911191 -1.468579
-1.153792 0.767171
-1.464958 0.098082
0.904049 -1.131058
1.105473 1.492750
-2.816864 0.334559
-0.586468 1.063326
1.698975 -0.076813
0.946296 -1.544890
0.495691 0.318995
-0.188334 -1.044184
0.545514 1.031725
-0.614872 0.042940
0.439671 1.471216
-1.284436 -0.519836
0.231038 0.639200
1.155149 -1.769975
1.036548 0.618928
-0.651545 1.006852
-0.974559 1.083343
0.733521 0.229513
-0.060543 1.045235
0.243906 -1.255115
0.089487 0.472538
-0.013554 -0.526609
-0.586504 -1.791158
0.805814 -0.599577
-2.235834 1.503355
-0.038156 2.185755
-0.459868 -0.216263
-0.079244 -0.775899
0.014051 1.264169
-0.876583 0.209990
-0.404030 1.746759
0.935439 -0.086104
1.562778 0.574068
-0.861454 -0.562704
0.311911 0.520651
-0.568534 -0.692748
-0.403723 0.643833
-0.353251 -1.267413
-0.604157 1.133180
0.688907 1.663519
-0.199196 -0.215615
0.544906 -0.173435
1.839668 -0.492650
0.465685 2.968498
-0.659106 -0.609709
-1.216477 -1.257440
-0.576217 1.159500
0.007440 0.522982
0.027208 -1.210545
-0.272678 -0.994646
-0.590710 0.614970
0.880255 0.247916
-0.848518 0.148755
1.424157 0.034880
0.915264 -0.172371
-0.136100 -0.040527
-0.336399 -0.127139
0.186040 0.185653
1.011846 1.239331
1.053805 0.518991
0.568918 0.207986
-0.596821 0.421391
0.716888 -0.569042
-0.121094 -0.860754
-1.287756 -0.190731
-0.884258 2.036444
-0.465067 0.125266
-0.154449 0.948135
0.530726 1.198074
-0.170948 0.053405
0.390175 -0.249890
0.268204 0.130306
1.061619 -1.099947
0.435615 -1.313959
-0.154385 0.452343
-0.495580 -0.401308
-1.118547 0.789920
1.381160 1.633613
-1.264678 -0.709046
3.152220 -1.237997
0.275214 0.967354
-1.190616 0.364149
-1.647823 -0.998739
-0.095739 -0.212858
0.413894 -1.136036
0.164931 -1.520433
-1.598817 -0.528062
-0.315407 0.241849
0.713090 -1.350160
-0.507348 0.915272
-1.067036 0.062990
2.336863 0.773293
0.869715 -0.590194
0.590943 0.005617
0.754305 -0.549066
0.491695 -0.889908
1.535377 -0.813257
-0.153068 -0.528639
1.762737 1.269899
0.504502 -0.997283
-2.086354 -1.681287
0.703532 0.698925
-1.059385 -0.249492
0.534912 1.424316
-1.242961 -0.311491
-0.082350 0.340322
0.213046 1.200548
0.877312 0.604491
0.650339 0.584499
-0.657371 0.308150
-0.408239 0.552292
0.644932 0.969061
0.729458 0.213824
-0.962739 0.346138
1.930921 0.104249
-1.123062 1.134679
-0.021214 0.058859
-0.244692 0.190466
-0.302095 -0.346752
-0.390628 0.898666
-1.109467 -0.015246
0.948005 -0.472561
-0.207849 -2.555214
0.444604 0.002982
0.950674 -0.859335
0.190665 0.035323
0.638288 0.079858
0.002357 0.301866
0.320767 0.350847
-0.614966 0.566722
1.296746 -1.036149
-0.059585 0.688661
-1.941488 1.343816
-1.428152 -0.653379
0.305893 -0.193031
2.035926 0.622646
0.953789 -2.041096
-0.037789 -0.105285
-0.388138 0.249602
-0.822346 -1.414070
0.305161 -0.152803
-1.218764 0.931989
1.202342 3.023362
-1.164669 -1.312193
-0.504841 0.992253
1.527040 -0.880453
-0.394194 -1.055767
-1.815399 -0.941116
0.342977 -0.282779
0.637570 -0.761880
-0.349253 -0.558494
1.660716 -0.214417
-1.244280 -1.637885
-0.593236 1.452239
0.205830 -0.570029
0.511444 2.088057
-0.900775 -0.068287
-0.827990 0.753548
-0.966310 0.049964
0.187122 0.044551
-0.437586 -1.948991
0.448747 -1.086730
0.654288 -0.392358
-0.445157 -0.994012
0.078594 -1.450789
1.006142 0.022085
-1.476304 -2.016892
1.353565 0.052202
-0.690223 0.947128
1.526285 -1.180130
2.542637 -1.850848
-1.367067 -0.463832
-0.610051 -2.474937
-0.097626 0.407663
1.218569 0.630836
0.021089 0.813481
1.189248 2.197790
-0.695506 -1.144863
-0.102750 -0.632720
0.683182 0.716170
0.518689 -0.507914
0.294331 1.338063
2.354825 1.650390
1.697926 -0.655985
0.609076 -0.550692
-0.796548 -1.212117
1.803217 -0.706739
-0.745150 0.168987
-0.007875 -2.057525
-1.195067 0.110901
-0.684188 1.641352
-0.749949 0.963620
1.013445 1.142940
-0.533879 -1.142577
-0.290835 0.070201
0.166974 -2.488284
-0.488685 -1.323564
-0.435899 0.513609
1.426354 -0.334037
-0.104306 1.955874
0.193073 -0.200749
-1.231302 -1.750910
-2.060358 0.452545
-0.461531 -0.683803
0.592097 -0.217873
0.911338 -0.074341
-0.867356 -0.114016
0.612229 -0.593341
0.948886 -0.925631
-0.160129 0.749701
2.702447 0.726528
-1.796090 -1.393431
-0.171492 0.721552
0.253819 -0.897064
0.571891 -0.008342
-2.305329 0.756690
0.273342 -0.145861
0.384209 0.226927
1.640343 -0.263243
-0.586399 1.204167
-0.155271 -1.766025
-0.906934 0.391736
0.083275 0.467190
0.184846 1.155578
-0.204264 -1.252668
2.296060 -0.006756
0.098207 -1.325585
1.076139 -0.071736
0.007246 1.433110
-0.669388 0.691950
1.010498 0.497569
-1.111442 -0.039258
-0.361336 -0.409715
-0.742497 -1.505933
0.014832 -1.492804
-0.357504 -1.389369
-0.488406 1.262246
0.114081 0.023015
-0.390625 0.200568
0.227955 0.095198
-0.051806 -1.676288
0.453352 0.856591
1.830677 0.201357
-1.041709 0.650609
1.733352 -1.047640
0.822349 1.652929
-0.774120 2.793245
1.344040 0.160861
2.057975 -3.130212
-0.658178 -0.443291
-1.027134 1.636158
0.926848 1.609926
-0.328289 1.110773
1.140818 -0.819381
-0.957928 0.428533
0.550512 0.128891
-0.161513 0.111201
0.390176 -0.048074
-0.680436 0.407818
-0.954416 -1.343692
-1.766994 0.952623
-0.282065 0.219644
-1.774816 1.660985
-1.631403 1.099364
-0.799995 -0.286153
-1.724782 0.823382
0.406891 0.708726
0.137329 0.369602
1.607601 0.887639
-1.913638 1.702929
-0.875715 -2.048064
-0.984023 1.120943
-0.366717 -0.778022
-0.096996 1.356586
0.188985 -0.896578
-0.716503 -0.836662
0.922346 0.957375
1.440920 -1.055612
0.613276 -0.996249
-0.004447 -1.612781
0.399919 0.387413
-0.001078 -0.027532
0.953431 -1.712738
1.111578 -0.080886
0.723011 1.642365
0.139208 -1.092151
0.542497 0.502311
0.633596 -1.673008
0.979530 1.322627
-1.252049 -1.667873
-1.324641 -0.967382
-0.809656 -0.237942
0.498913 -0.698143
0.208800 0.007475
-1.115727 0.909610
0.076528 -0.688220
0.582573 0.522168
-0.345116 -0.644883
-2.129947 -0.333992
0.485335 -0.025137
0.028409 0.935073
0.995131 -0.279276
-0.847350 -0.332151
-2.211223 -0.077230
-1.431343 -0.280351
-1.737916 -0.096525
-0.684862 1.817995
-0.418081 -0.641350
-1.266566 0.457038
2.256604 -1.361279
0.470903 1.664131
-1.025567 0.787892
-1.158173 0.651752
0.508883 0.270227
0.064310 0.064959
0.294892 -0.156999
1.586271 0.967576
-0.917311 -0.278207
-0.842765 -1.073178
0.865845 2.085297
0.199693 0.687496
0.328428 1.114263
1.119784 0.240311
-1.939054 0.501527
0.005153 1.099144
-0.589185 1.017490
-0.342128 0.303134
-1.878991 0.045536
1.237885 0.240639
0.271851 -1.683800
-0.794841 0.370274
0.425971 -1.041495
-0.414974 0.406533
0.370682 -0.343233
0.079308 -0.795213
-0.008676 1.351092
0.222615 0.512011
0.549614 0.687771
0.191601 1.116307
-0.510376 0.054274
0.273455 -0.482771
0.306980 -1.040201
0.109532 1.382442
0.551484 1.290365
1.333832 0.923474
-0.312185 0.854863
0.346100 0.099615
-1.772864 -0.418464
-0.111272 0.116377
-0.115289 0.001136
-1.222937 -0.385200
0.242630 1.085150
1.745414 0.702372
0.446511 0.619766
-0.774996 -1.231158
-0.920011 0.668883
-0.504069 -0.396401
0.646338 0.810763
0.195636 -0.333153
-0.361607 1.597274
-0.541510 -0.644194
0.117138 -0.871779
-1.186152 0.619556
-0.501489 0.746703
-0.043984 0.817641
-1.987778 -0.441079
-0.183469 0.258850
1.419563 0.371027
-1.314902 0.844808
-1.151746 -1.603081
-1.217858 0.841751
0.730327 -0.907261
0.039441 -0.280671
-0.341009 -1.236976
-0.481441 0.842512
-1.814906 1.484893
-1.599447 -0.119236
0.233325 1.984498
-1.237857 -0.551103
0.845465 -0.862932
-1.089063 -0.614986
-0.719163 -0.251306
-0.350499 1.763704
0.453673 -0.875849
0.104332 0.168319
0.173244 0.231677
0.460192 0.400408
-1.362251 -0.578778
1.906177 1.468494
-0.846337 -1.535548
-0.246341 -0.135935
1.227468 0.520354
0.819765 0.373971
0.590144 0.865032
1.540059 -1.762136
0.925150 1.857904
-0.131062 2.217448
-0.270881 0.684429
-0.311343 1.553494
-0.583405 0.619155
-1.498752 0.544971
-0.503803 -0.071708
-0.546570 2.026648
1.510364 1.311962
0.981988 0.499359
1.796542 1.392600
-0.409991 0.000281
-0.765603 -0.987403
0.529881 0.136438
-2.079398 0.967191
-0.995263 -0.675886
0.173859 1.537185
-0.760162 -1.964529
1.264020 -0.416865
-0.565244 -1.262195
0.910158 0.747293
-1.477027 1.409758
-1.075730 -1.229873
0.229297 -0.136225
2.101514 0.944748
0.226117 -0.493580
0.261844 0.942073
-0.032981 -2.294769
0.643491 1.567647
0.737526 0.859038
-0.320403 0.127776
-1.794792 -0.939282
-0.391741 0.109471
-1.210621 0.341161
0.781292 0.920390
0.651223 -1.166040
0.969822 -0.506426
-0.332984 0.474562
-0.028065 -0.422440
1.306805 -0.205783
0.266390 -2.172360
-2.261237 0.937133
0.474917 1.489273
1.058920 1.467734
0.763084 0.066772
1.429722 -1.806512
-0.165032 -0.357117
-1.762378 0.329207
-0.008931 -0.036102
1.254244 0.905673
-1.075796 -1.132501
0.062189 0.330636
-0.465780 1.096241
0.280943 1.917075
0.006114 0.018121
-2.014634 1.043354
-0.945549 0.529512
1.081902 1.426554
-1.346330 0.554735
-0.424016 0.232667
-1.259476 1.076080
0.458528 0.030455
-1.625781 0.400226
0.124327 1.388468
-0.516151 1.416139
-1.144003 -0.064780
0.004785 -0.069284
-0.196549 -0.312389
-0.987927 0.297122
2.068689 1.188259
0.923214 0.100173
0.953050 0.082107
1.308534 -1.221823
0.075840 -1.696077
0.297663 0.557530
-0.495456 -0.638091
0.565439 -1.323166
-1.351218 0.285174
1.347747 1.627562
0.099927 1.286214
-1.998636 0.053375
-1.462652 1.331661
-0.724216 0.601857
0.931982 -0.183823
-0.688037 -0.537219
0.829836 -1.458481
-0.344246 -0.735327
-0.174625 -0.051215
-0.005613 -0.244156
1.186495 0.001173
-2.156554 -0.311207
1.327156 0.515731
-1.629659 0.432204
-2.212624 -1.719398
-1.951138 0.889673
-1.670162 -0.084181
1.209441 -0.146935
-0.267074 1.229789
0.031611 -1.077341
-0.531976 -1.363626
-1.631757 0.957450
-0.923497 1.008347
0.499143 -1.667534
1.173996 0.130239
1.145804 1.398150
0.329461 0.864211
0.895716 0.843662
-1.408292 -0.874072
0.338246 0.761886
1.597411 -0.125875
-0.379506 2.579193
-0.471831 -0.719283
0.814511 -0.643362
0.517096 -1.977236
0.203131 -1.113160
-0.829575 1.193562
-1.210733 -0.604548
-0.189075 -0.262124
0.388263 0.135685
0.181480 0.369255
0.134090 -0.946026
-0.097729 -1.231608
1.433581 -0.638400
-0.735699 -1.442967
-0.346060 -1.339271
-0.030986 -0.892352
-0.049045 -0.882714
0.367540 -0.142754
0.088956 -0.358577
0.051300 0.378794
-0.539435 1.634800
-0.224995 -0.824246
-1.161473 1.642304
-0.048372 0.570892
0.994503 -0.104141
1.330556 -0.220762
-0.058644 -0.536247
0.576623 -0.098302
0.420857 -2.014286
0.315654 -0.307113
-0.659307 0.487151
0.520035 1.029547
-0.384905 -0.084995
1.060720 -0.174321
0.989124 0.996511
-1.105781 0.007025
-0.055364 -1.177237
-1.543456 -1.078435
-1.359578 0.096317
0.798298 -0.352854
1.101945 0.227498
-1.559225 0.927285
-1.081009 -0.273826
0.477005 -0.640575
1.249975 0.295900
-0.009549 -1.216834
1.118779 1.628700
0.481128 0.206340
-0.498060 -0.040632
-1.393323 -1.055610
-0.004944 -0.559165
-0.461857 0.015796
-0.124412 -0.474912
-0.421820 -2.263813
1.393959 0.039062
-0.623632 -0.068105
-1.099383 0.414613
-0.576571 1.159208
0.208345 -0.101588
1.476096 -0.325403
1.335602 -0.070571
-0.658443 0.023975
2.376240 -0.834527
0.436885 1.680897
0.387277 -1.378932
-0.251151 0.122993
1.025488 -1.198750
-0.750458 -0.581930
0.230372 0.033684
1.712526 0.249443
-0.249193 0.650042
0.209182 -0.069530
-1.785568 0.695836
-0.989794 -0.007591
0.722847 -0.630798
-1.744406 1.135091
-1.709437 0.769362
0.249494 -0.176430
-0.485735 0.138269
-0.754093 -1.344064
1.320544 -0.865960
-1.941259 0.330360
0.182410 0.005860
0.798812 -1.922353
-1.029028 -2.652956
0.644005 0.312465
0.168407 1.884336
-0.443357 -0.674183
0.034850 0.413013
0.462769 -1.864645
-0.385060 0.159646
1.608735 -0.204910
1.362875 -1.222486
1.184233 0.427142
-1.156457 1.799995
0.166723 0.852125
-1.066232 -0.098721
-2.091306 -0.261778
-1.753067 -0.153945
0.856416 -0.820771
-0.482546 1.316318
1.682543 -0.321577
-0.705882 0.309836
1.168024 -0.416889
-1.096044 2.048338
-0.912441 -0.186239
-0.263854 -0.486527
0.093477 0.693688
2.044231 0.462761
-0.467670 1.021212
-1.196640 -1.165640
-1.149261 -0.243381
0.303585 0.604905
-1.362614 -0.745773
1.412977 -0.074910
0.992391 0.890775
-1.285435 1.196866
-0.433845 1.545106
-1.307731 -1.255683
0.733002 -1.254141
-0.803709 -0.735000
1.769561 -0.572199
-2.014604 -0.168415
1.414359 -2.417679
0.507887 -0.608288
0.397727 0.304565
-0.219156 -0.612278
-0.382462 -0.169191
-0.477472 -1.122294
1.641415 0.301698
-0.163924 1.712139
-0.052545 0.838043
1.947361 1.765746
-0.556936 -0.217282
0.067531 0.347947
0.666094 -0.683790
0.216515 -0.363976
1.200625 -0.813862
0.002800 -0.365108
1.226796 -2.234179
1.106677 -0.689194
1.140105 -0.684306
-1.473831 0.455489
-0.373589 -0.610931
-2.236714 0.530303
0.240349 -0.195915
-0.333630 0.504451
0.687963 -0.400640
0.981899 0.791776
-0.087003 -0.412894
0.815704 -1.081674
-2.930989 1.774141
0.057621 -0.455647
-1.194603 -0.600316
0.495797 -1.598835
0.835196 1.421436
-0.262254 0.815009
0.603794 0.945843
2.134165 0.537720
0.228046 -0.230344
-1.122799 0.015937
0.293475 -1.968021
0.834219 -0.927844
0.584073 0.486636
-0.616350 0.111431
0.412114 0.766977
0.123277 0.784048
0.875042 -1.220943
0.632127 -1.557412
-2.913370 -0.444446
-0.131599 -0.459677
0.285740 0.234093
1.198880 -1.400588
-0.071640 1.291603
-0.220162 -1.337941
0.465538 -0.015467
-0.527248 0.626085
0.426517 -0.123269
-1.661961 -0.648737
-0.427493 0.225476
1.865632 -1.003789
0.707723 -1.275894
0.717822 -0.844412
-0.594955 1.287572
-0.630964 1.995598
-0.748963 -1.863246
2.702798 -1.370921
0.186236 -0.011133
0.640045 0.046749
-0.482584 -0.032684
-1.575076 1.316734
0.160378 -0.414039
0.229165 -1.705513
1.118046 1.158041
0.425478 0.783087
0.464920 1.814323
-0.128541 1.064357
-0.715977 -1.531953
0.310159 2.129268
-0.203164 0.198152
0.349849 0.731912
-0.001985 -1.010117
-0.542399 1.343613
0.196743 -0.988797
0.106445 -1.335573
0.037521 2.292937
0.410439 0.533359
1.037620 0.379750
0.390817 1.786081
-0.520692 2.107252
-1.400272 0.793034
-1.794443 0.950876
0.513467 -0.620371
-0.602072 0.505718
-0.311416 -1.130751
1.472195 1.482367
-0.977214 0.165696
-0.599475 0.359633
0.260454 -0.271252
1.695643 0.194938
-1.344820 0.407643
0.042789 -0.531174
-1.317969 -0.591673
-0.512581 -0.415903
0.870482 1.019230
-0.117401 0.513649
-0.860576 0.463665
-1.230457 -0.050778
-1.804707 0.669351
-1.314884 0.563792
1.432140 -0.252327
-0.420257 0.989971
1.969921 0.663232
0.360313 0.270635
0.122246 -1.068431
-1.339892 -0.573969
-0.237341 -0.288974
-1.741460 -0.215884
2.267030 0.677509
-0.830237 0.925470
0.542516 1.075086
-0.333559 -0.034511
0.729522 0.859241
1.159351 -0.842212
1.105412 -0.167645
-0.103052 0.817535
0.423254 1.359821
1.289936 -0.914715
0.254061 1.226256
-1.168980 -0.254809
0.794351 0.292570
-0.270781 -1.076232
-0.539048 -1.250135
0.218504 0.241767
0.217594 -1.674863
-1.382194 1.580077
1.471480 -0.320729
-0.168322 1.010724
-0.498793 1.920169
-0.590025 -0.521517
0.760095 -0.934239
0.976935 -0.024011
-0.432603 -1.031165
-1.041097 -0.641870
-1.994571 -1.432096
-0.271300 -1.212427
-0.812544 -1.636059
0.895798 0.814793
-0.248344 -0.026025
-0.616518 -0.671601
0.809846 -1.688429
-1.094003 -0.752331
1.078266 -0.001211
-0.093756 1.210792
-0.254319 0.942981
-1.505640 0.913554
0.617618 0.493795
1.990069 1.176002
-0.528982 1.687700
0.430616 -1.253189
0.752218 -1.019937
0.676458 -1.243228
0.538754 1.376581
1.617524 1.101700
0.855748 0.494866
-2.338001 0.045387
0.570091 -0.464076
2.319015 0.765712
1.262519 0.347650
-0.376386 -2.637081
-0.027220 -0.047488
2.089382 0.940836
2.383262 -0.659167
-1.035418 -0.904408
-0.439321 0.779534
-0.259331 -0.447627
-0.631343 -1.049444
-1.673192 -0.354874
0.040980 -0.581126
-0.061727 -0.407098
1.273278 -0.104480
1.368696 -0.195336
0.925325 0.939848
-0.546969 0.110180
-0.905861 -0.746960
0.445977 -1.850097
-1.023040 0.196670
0.136224 0.641731
-0.986063 0.717275
-1.739609 -0.395530
0.165539 0.818795
-1.175149 0.722652
-0.075218 -0.042000
0.625530 0.865225
1.541293 -1.426375
-0.108113 0.212942
0.567119 -1.814350
0.684148 1.548209
-0.770460 -0.455403
-0.305692 0.845497
0.404541 0.001444
-0.278192 0.256687
0.400378 1.123237
-0.278578 0.710083
0.790391 1.184851
-0.918940 0.183674
-0.715616 -0.593190
0.428528 -2.871172
0.308000 0.316728
-0.006386 0.051122
-0.807218 1.158366
-0.078817 -1.155767
-2.160404 -0.834273
-1.054580 0.283442
1.300612 -2.679698
-1.228148 0.699509
-0.974405 0.773146
-0.835916 0.771014
-0.237541 -0.618560
1.056522 1.216288
-0.777451 -0.429288
-1.491956 -0.216920
-0.687712 1.155890
1.228060 -2.026185
-0.038006 -0.789330
0.050782 2.428360
1.785269 -0.246013
1.507773 -0.086691
2.372956 -0.538505
-0.267522 -0.038657
1.016126 0.650024
0.933603 -0.245987
-2.288741 0.056289
-1.163600 1.426793
-0.640451 -0.265309
-2.148080 0.661704
2.112878 -0.032871
-0.651657 -0.866627
-0.051912 -0.319754
1.108623 -1.371117
1.277833 0.210324
0.864446 0.671343
-0.452262 -0.266025
0.071916 -2.000562
-0.176706 -1.814090
1.338715 -0.911827
-0.605156 -1.066132
0.585157 -0.028093
-0.078889 1.507215
-1.194081 0.001445
-0.675082 -0.322863
0.918986 2.417794
1.172818 -0.162641
1.387819 0.051959
0.223918 -0.596111
-0.891298 -0.271276
0.131552 -0.517231
-1.056680 1.595926
-0.984342 -2.000921
0.583904 1.328981
-0.761314 -1.229917
0.936703 1.118588
0.508238 -1.580228
-0.290081 0.645211
1.081025 1.296737
0.511233 0.986787
-2.667289 -0.619448
0.270160 -2.124216
2.955070 0.796317
0.494203 -0.452185
1.726292 -1.574099
-0.384250 0.943173
-1.142006 0.646883
0.658623 0.797761
-1.044260 0.515122
-1.041748 -0.420469
0.835058 -1.174987
0.026964 2.107272
0.080487 -0.748341
1.331127 0.098305
-1.898773 0.796179
-0.651068 -0.968730
0.174017 1.233786
0.596759 -0.096908
-0.281961 0.900715
-0.519269 -0.426474
1.671824 -0.470248
0.610147 -0.109892
1.485932 0.364393
-0.501406 0.104914
-0.542463 0.582476
-0.549116 1.491062
-1.349424 -1.335849
0.201448 -0.001279
-2.135252 -1.089548
0.465030 1.159134
0.403312 0.762165
-2.165435 0.021023
0.051660 -1.916468
0.291908 -0.097252
-1.180914 -0.140311
0.933188 0.181839
-0.787616 -0.281334
-0.918143 0.396810
2.597156 -0.019906
-1.114527 -0.793363
-1.717297 2.245049
0.178713 -0.424174
-0.554111 -0.757443
-1.332935 0.536545
0.133584 -2.038766
-1.988203 0.374909
1.649545 0.402685
1.294007 0.502861
0.792047 -0.251325
0.113421 -1.171710
0.888960 1.130413
0.489485 -0.052992
-1.392335 0.971520
0.533128 -0.847425
0.634646 0.940319
-0.478610 -0.080031
0.062805 1.218591
-0.949891 -1.025405
-0.458886 -1.421054
0.271777 0.976321
0.716967 -1.480869
-0.532613 -0.952662
1.599678 -1.190100
-0.501207 -1.014967
-0.074252 1.067824
2.139615 1.283766
-0.385627 -2.258117
-0.293213 0.726719
-0.796866 0.094302
-0.925794 -1.420988
-1.249183 0.257198
0.291117 -1.629285
1.713856 -2.432472
-1.709744 0.208280
-0.477611 -0.563900
1.915591 1.832183
0.089406 -0.677921
0.461385 1.248249
-0.930180 1.232574
0.463098 0.014516
-1.960242 -1.687553
-1.026465 0.608799
-0.424788 1.724339
1.993048 -1.291546
1.900077 -0.664441
-0.039165 0.279933
-1.596758 1.133603
0.930205 1.056335
-0.576277 -0.603704
-0.716919 -0.647869
0.496297 0.207752
-1.208244 -0.392713
-0.392525 1.100285
-0.798756 -1.341003
1.529728 -1.885997
2.362810 -0.129443
0.407574 -1.352028
-0.316104 0.126217
0.621216 1.011232
-0.165476 0.749560
-0.562295 0.270426
-2.649288 -0.095793
-0.373947 -0.475739
0.025552 -0.972264
-0.038303 -0.035590
1.360704 0.229123
0.327811 0.452620
0.900815 0.298506
1.299976 0.917572
0.074397 1.755247
0.405584 -0.268940
1.893676 0.182356
0.624614 -1.113318
1.881549 -0.440027
-0.326508 -0.964788
0.376126 0.592768
0.155131 0.446962
-1.269885 -1.312921
-1.058856 -1.016059
0.401303 1.050106
1.264423 1.065806
1.654459 -0.344109
0.867731 1.580044
0.371308 -1.261317
-0.238274 -1.180491
0.249881 0.528231
0.070412 -0.829600
-0.802329 -1.573190
0.542146 -0.924728
2.290274 -1.138937
-0.918628 0.269642
-0.834278 -0.524395
-0.066911 -0.190775
-0.257070 0.577567
-1.009696 1.753324
1.255775 -2.266526
-1.618439 -0.930782
-0.143370 0.204599
0.751459 1.979322
-0.091603 0.859159
-0.561808 -0.903449
0.262770 0.127964
-0.037283 0.416348
-0.118886 -0.809012
0.392284 -0.358383
0.727540 0.078451
-0.897587 2.522660
1.259091 1.051296
2.414598 -0.666030
2.165916 1.420029
0.416198 -0.037403
0.123112 0.440917
-0.729414 0.781542
-0.549196 0.205856
-2.140649 0.366052
-0.025973 -0.285747
1.310876 0.058773
-0.591523 0.892507
0.109876 0.200483
-0.725139 -1.493840
-0.404711 0.434056
-0.263671 0.271882
1.997395 -0.308651
-0.785587 0.410164
-0.655152 0.665885
-0.420136 -1.665608
1.117286 -0.417101
-0.034766 -0.711503
-0.253296 -0.146874
-0.490338 0.131751
2.383619 0.397932
0.304835 0.025399
0.108913 0.315409
-1.559342 0.735230
-0.503635 -0.284545
-1.369004 -0.274445
-0.876715 1.010563
1.075924 -1.135461
-1.979038 -0.337184
0.385884 0.251896
-1.103636 1.420649
1.058934 0.161363
-1.808537 0.218482
-1.007205 0.973904
0.195021 -0.995921
-1.124645 0.592657
0.993490 -0.954370
0.888645 -0.093552
-1.336719 0.592014
0.789739 1.967074
0.431628 -0.269669
0.519600 1.141027
-1.757221 0.494482
-1.017869 -0.066851
-0.027857 0.679107
0.225524 -1.239732
-0.496423 0.709867
0.145116 -0.389438
0.649523 -0.888777
-1.208757 -0.969953
1.110278 -1.179838
0.816239 -0.382331
-0.877569 -0.028534
-1.020534 0.656019
0.282064 0.858227
1.823460 0.207946
0.871594 -0.533519
0.536482 -0.115833
-1.217281 -0.995669
-0.261184 0.238037
-1.242368 -0.361471
-1.188118 -0.014018
-0.215904 -1.353265
0.685323 0.198053
0.585668 0.829542
-2.692875 1.506392
0.166380 -1.177747
0.400776 1.863261
1.272041 -0.360907
-0.798315 -0.096081
-1.870711 1.389265
0.678440 1.654172
-0.067148 0.463321
1.535416 -1.768435
-1.653025 0.026390
-0.207986 -1.603108
0.528375 0.570876
-1.484383 0.772194
2.168299 0.803949
0.385025 0.984981
-1.391655 -0.144358
-0.924753 -0.990391
-0.468379 0.953687
0.868836 0.452685
0.932229 1.410066
1.003748 -1.071122
-1.143417 -1.035865
0.566969 -0.437127
-0.101354 1.772242
1.229331 -1.649899
0.598586 -0.830059
-1.108084 -0.776765
-0.239899 0.498631
-0.962011 -1.581627
0.142119 2.002376
0.150202 -0.135049
2.015842 1.348885
0.707717 0.820753
0.186712 -0.101153
0.639122 0.632652
1.360583 -0.972924
0.186720 -0.016383
0.280847 0.015736
-1.695146 -0.277423
2.924580 -1.486026
2.325305 -1.454090
-0.253855 1.290094
-1.827040 -0.921474
-1.065805 -1.185902
-0.814068 -0.953021
1.547212 0.022091
-0.619889 -0.683890
-0.997030 1.309462
-1.979785 -0.671152
-0.848519 0.416714
0.769886 -0.650681
0.583567 0.076063
-0.335289 1.883244
-0.132729 0.437934
-0.641580 -0.712267
-1.126139 1.089749
0.500922 1.136733
0.569930 0.583620
0.323329 0.311107
-1.974579 2.017173
-1.820202 0.834433
-0.419370 1.658296
0.416034 -0.082672
0.849816 2.170159
0.036846 -0.736022
0.376533 -1.071127
-0.004410 1.332299
0.044901 0.986786
-0.040796 -0.475756
-1.017837 0.743304
0.765721 0.869734
-0.980855 -0.705097
0.283371 -1.214939
0.106498 -0.899558
0.947677 -0.034422
-0.640817 -0.827990
-0.328013 -0.874742
0.960788 0.012986
-0.448476 -0.164132
-1.059534 1.635776
0.817754 -1.077241
2.049451 0.029804
-0.160256 -0.923734
0.088158 0.703558
1.168809 -0.802362
0.270311 0.553219
0.128188 0.685238
-0.894889 1.589381
0.180594 -1.354923
0.956446 -0.259406
0.002421 0.182158
-0.494588 1.662662
-2.627266 -0.952209
-1.043738 -0.998841
0.136182 -0.979790
-0.782010 -0.635743
1.340227 0.050689
-1.329594 -0.950448
0.948551 0.402901
-0.314727 0.894596
-1.455810 -1.488903
0.507075 -1.541532
-1.369139 0.215586
-1.243207 -0.129937
-0.020456 -0.432179
-1.301503 -1.475378
-0.389457 0.599344
-0.710106 2.564215
1.179849 0.746633
0.077008 0.227418
-0.018718 1.120110
-0.308189 0.244343
-0.285445 -1.038211
-0.311845 -0.594233
-0.121417 -1.589309
-0.586301 0.804506
1.583458 0.844150
0.118908 1.309401
-0.436183 -2.231297
0.135091 -0.459310
-1.214102 -1.222622
-0.019641 -0.772008
1.673396 -3.232938
1.644589 0.365052
0.368411 -1.798872
0.336317 1.435290
2.131822 -1.558464
0.834796 0.197951
1.957343 -0.941346
-0.875310 0.376472
# p-value: 4.571989e-01
