0.179736 0.267837 0.297204 
4.082458 3.348817 3.104270 
0.717547 1.995049 2.420883 
-5.472711 -4.793431 -4.567004 
0.815373 -0.078183 -0.376034 
-1.331852 -0.035296 0.396890 
-1.154252 -1.335961 -1.396531 
1.113853 1.662102 1.844851 
-1.268974 -1.276063 -1.278426 
-2.167470 -1.339707 -1.063787 
0.857412 1.225000 1.347530 
-1.495861 -0.578987 -0.273362 
-1.102996 -1.167611 -1.189149 
-0.657239 0.093488 0.343730 
1.187095 -0.288465 -0.780319 
-0.673655 -0.412958 -0.326059 
-2.819833 -0.276436 0.571363 
1.118727 1.154837 1.166874 
0.262657 -0.452345 -0.690679 
2.762260 3.154534 3.285292 
4.158655 2.365542 1.767837 
-2.092510 -1.462692 -1.252753 
3.238383 4.141389 4.442391 
4.854180 3.471091 3.010061 
-1.055043 -0.750733 -0.649297 
2.233297 2.507142 2.598424 
0.706324 -0.092659 -0.358986 
1.165762 1.079912 1.051295 
2.724433 2.710582 2.705965 
-0.072182 1.502727 2.027697 
-0.138266 -0.474757 -0.586920 
-0.700072 -0.159199 0.021091 
-1.044316 -2.760868 -3.333052 
2.361180 0.836224 0.327905 
0.784397 1.372953 1.569138 
1.800512 2.633496 2.911157 
0.744405 1.547921 1.815759 
1.325337 -0.170861 -0.669593 
4.133963 0.795534 -0.317276 
5.358149 3.601870 3.016444 
0.284779 1.334947 1.685003 
1.113822 0.658741 0.507047 
-5.307914 -4.694015 -4.489382 
-5.324944 -4.323601 -3.989820 
-1.742096 -0.924535 -0.652015 
-0.026133 0.368784 0.500423 
-4.284262 -3.339115 -3.024065 
1.162879 0.007140 -0.378107 
3.867062 3.754863 3.717463 
1.640731 0.362426 -0.063675 
0.671208 1.142116 1.299085 
2.944042 0.926717 0.254275 
3.928326 4.299410 4.423104 
-2.769306 -1.488582 -1.061674 
-3.159798 -2.777329 -2.649839 
1.630973 2.962642 3.406531 
-2.240337 -2.096564 -2.048640 
2.696635 0.361716 -0.416591 
1.074809 0.703398 0.579594 
0.284569 -1.442212 -2.017806 
1.175360 -0.726813 -1.360871 
-0.186283 0.815160 1.148974 
0.235979 0.571971 0.683968 
3.130272 1.814558 1.375987 
1.192902 1.588588 1.720484 
0.511015 1.145460 1.356942 
-0.306687 -1.070842 -1.325561 
-0.069044 0.386070 0.537775 
0.510686 0.978139 1.133957 
0.586770 0.081959 -0.086311 
4.991048 5.652727 5.873286 
0.475685 -1.289992 -1.878551 
3.369277 3.027360 2.913387 
-0.332451 -0.156277 -0.097552 
-5.792650 -4.831458 -4.511060 
-0.079492 -0.037957 -0.024112 
-0.151063 -0.268011 -0.306994 
0.715297 1.389021 1.613595 
-0.273730 -0.115604 -0.062895 
1.388873 0.025665 -0.428737 
-1.751824 -2.720900 -3.043925 
-1.519111 -2.129582 -2.333073 
0.926454 0.643004 0.548520 
1.202469 1.428589 1.503962 
1.364041 0.372027 0.041356 
-1.576149 -0.881388 -0.649801 
-1.694169 -2.642396 -2.958471 
-1.638120 -0.681099 -0.362092 
0.846115 2.519575 3.077395 
2.377384 2.327354 2.310677 
3.020935 0.797093 0.055812 
2.636543 2.857928 2.931724 
-2.454679 -1.037318 -0.564864 
-1.648347 -1.567919 -1.541109 
-0.437261 -1.683462 -2.098863 
-0.934630 -0.423665 -0.253343 
-1.033570 -1.553944 -1.727403 
4.985421 4.104259 3.810538 
-0.301671 -0.637870 -0.749937 
-0.742196 -0.374921 -0.252496 
0.677944 0.132148 -0.049783 
0.013766 0.151010 0.196758 
-2.374445 -0.903526 -0.413220 
1.993466 1.306650 1.077711 
-4.092636 -3.387911 -3.153003 
-0.717845 -1.470425 -1.721284 
3.371981 2.600809 2.343752 
1.407353 2.070138 2.291067 
2.128988 1.291069 1.011762 
1.257903 1.549099 1.646164 
1.589050 0.596345 0.265444 
-1.309031 -2.980133 -3.537167 
-4.182398 -2.921609 -2.501345 
-2.345343 -0.434047 0.203052 
-2.751672 -0.245206 0.590283 
0.425712 0.658683 0.736340 
0.541847 0.649436 0.685299 
-0.348911 0.298649 0.514502 
0.344519 -0.261166 -0.463060 
0.740472 0.282955 0.130449 
-1.345326 -1.326716 -1.320512 
-0.249940 2.436427 3.331882 
-4.103363 -2.471624 -1.927711 
1.515409 2.137410 2.344744 
-1.376242 -0.714400 -0.493785 
3.425026 5.355404 5.998864 
0.363719 0.775821 0.913189 
3.635757 1.939530 1.374121 
-3.331344 -2.473427 -2.187454 
2.202440 2.331958 2.375131 
-1.302700 -2.406174 -2.773999 
-1.146965 -0.771588 -0.646462 
-0.840817 -0.631953 -0.562332 
0.819289 0.645571 0.587665 
-1.651004 -1.093620 -0.907826 
1.625194 2.761756 3.140610 
0.779423 0.801552 0.808928 
2.166286 2.426395 2.513097 
-1.052762 -0.237061 0.034840 
0.467997 1.132721 1.354296 
1.626707 1.076594 0.893224 
0.104866 -1.845696 -2.495884 
1.707647 0.657519 0.307476 
1.184075 1.110344 1.085767 
3.977697 2.330873 1.781932 
0.634408 0.756802 0.797600 
-0.405056 0.197665 0.398571 
1.170602 1.634336 1.788914 
1.073032 1.705590 1.916442 
-2.985472 -2.046017 -1.732865 
0.932633 0.097499 -0.180878 
-1.773675 -0.265144 0.237700 
1.343101 1.351684 1.354544 
1.636223 0.492726 0.111560 
2.235191 2.787274 2.971302 
-3.424567 -2.839537 -2.644528 
2.216569 2.102218 2.064101 
-0.392112 0.431932 0.706614 
5.149585 2.311591 1.365594 
1.052016 0.360013 0.129345 
-3.259427 -0.607372 0.276646 
1.104327 2.010216 2.312179 
-3.327358 -2.012207 -1.573823 
0.148008 1.088459 1.401942 
1.162818 1.122730 1.109367 
-3.528002 -2.906545 -2.699393 
-0.157437 -0.507252 -0.623857 
-0.068547 0.775588 1.056966 
0.785959 0.904289 0.943733 
0.342946 0.216935 0.174931 
1.383625 2.935933 3.453369 
0.009194 0.065234 0.083914 
-5.529626 -4.522586 -4.186907 
-0.651690 0.421795 0.779623 
0.338000 0.147308 0.083744 
1.125900 -1.161048 -1.923363 
0.533392 1.356236 1.630517 
-3.524530 -2.263784 -1.843535 
4.363032 2.114841 1.365444 
0.831437 -0.257233 -0.620123 
2.485225 1.110246 0.651919 
2.582488 2.813742 2.890827 
1.384895 1.365484 1.359014 
0.788505 -0.547892 -0.993358 
0.280118 -0.025364 -0.127191 
0.111997 -1.148428 -1.568570 
-0.059637 -0.301714 -0.382407 
-0.169696 1.284622 1.769395 
1.389470 2.157069 2.412935 
0.712989 -0.153384 -0.442175 
-2.119800 -1.696495 -1.555394 
-1.724153 -1.796146 -1.820144 
0.707274 0.492364 0.420728 
3.553454 3.288456 3.200123 
0.707710 -0.032647 -0.279432 
2.896132 1.146082 0.562732 
-3.426679 -4.561896 -4.940302 
1.654327 -0.557526 -1.294811 
-0.220569 -1.045020 -1.319836 
-6.701964 -4.360980 -3.580652 
